331
970
154
404
666
49
74
840
548
96
374
596
59
931
519
219
38
88
444
428
71
246
92
564
434
60
846
579
126
970
228
645
642
596
970
63
590
599
406
50
999
226
47
570
879
136
296
429
147
553
120
584
315
573
835
698
185
105
595
584
654
192
381
99
560
729
64
577
61
633
210
508
696
544
437
795
321
476
599
945
464
370
306
254
813
184
715
798
249
83
588
307
537
506
896
351
746
459
294
623
74
120
524
428
168
775
350
155
955
500
431
40
985
684
79
782
571
586
808
896
837
321
348
711
358
608
508
593
816
467
70
860
95
967
276
485
713
680
66
62
748
718
317
662
591
697
841
456
291
733
395
908
684
355
23
963
472
363
172
625
119
505
60
223
786
294
132
756
253
407
400
938
892
508
82
170
459
411
562
284
904
140
838
440
884
563
285
723
425
367
699
905
389
980
236
154
84
180
154
237
674
238
12
496
851
603
186
269
288
4
149
429
547
378
624
579
326
975
128
707
879
527
973
632
670
692
757
55
467
921
891
798
974
895
696
817
572
401
407
408
403
106
493
649
410
63
195
68
213
451
166
112
348
615
53
104
0
580
154
549
103
971
372
628
26
72
895
212
628
385
152
649
258
978
355
616
372
485
125
118
869
499
477
491
495
319
87
147
104
767
350
758
271
490
848
708
165
528
23
210
973
974
540
370
150
706
556
936
27
776
540
305
658
884
93
712
865
267
530
375
930
171
364
790
228
545
554
797
514
337
651
228
627
830
807
776
873
199
825
245
837
410
757
822
232
204
530
504
364
748
29
28
809
286
483
265
198
709
619
979
352
457
827
959
740
357
977
997
373
82
225
104
232
481
201
345
209
494
639
921
624
860
1
490
931
668
352
818
658
86
854
676
122
931
397
801
728
768
204
489
910
182
444
808
651
340
88
820
968
994
739
405
474
411
761
969
86
742
162
174
130
28
154
604
926
476
825
671
149
626
846
610
485
673
959
358
159
561
561
134
21
14
818
994
743
665
105
539
767
956
142
444
892
199
845
894
216
28
257
217
299
513
246
782
600
333
265
557
429
854
134
62
931
757
362
919
469
678
597
834
925
529
430
846
939
899
513
133
544
155
536
522
19
893
450
795
187
623
4
794
818
153
176
144
484
633
742
123
569
63
333
698
530
543
568
494
803
795
108
904
573
58
254
195
283
43
790
100
519
463
575
28
778
915
934
64
453
333
627
996
517
620
524
204
709
283
463
520
546
826
489
519
964
253
715
535
897
897
964
950
265
944
572
914
965
207
860
458
140
426
124
401
452
323
74
687
246
438
74
217
685
310
802
125
918
795
158
962
733
658
676
374
146
259
904
140
990
478
224
764
975
96
407
906
498
166
683
852
229
165
723
441
527
413
347
431
200
365
326
94
739
374
19
346
567
469
451
720
18
393
339
529
638
302
524
983
65
115
940
807
234
995
897
107
86
271
278
40
927
797
185
276
773
132
839
432
869
933
692
838
968
264
415
152
549
941
527
584
506
717
334
91
285
58
818
704
187
435
916
74
275
960
17
649
90
820
266
85
622
876
227
68
270
883
124
464
11
347
566
427
948
937
274
636
132
44
539
726
244
960
112
992
165
268
51
185
206
954
319
643
312
543
777
210
296
456
512
688
182
277
355
822
18
256
37
15
18
750
517
564
194
526
486
251
957
457
108
674
838
665
442
672
506
559
854
910
402
993
518
315
704
220
235
350
203
852
903
723
746
651
143
414
355
55
857
132
14
72
640
758
900
261
441
167
56
86
681
861
390
891
518
686
994
288
613
248
709
300
46
470
189
161
275
456
3
269
372
984
336
995
560
331
250
35
988
903
316
223
365
187
1
343
390
85
486
285
514
671
205
254
516
794
5
93
270
836
91
147
409
600
42
403
23
306
311
644
238
86
599
980
541
873
768
158
673
914
733
802
900
610
398
782
333
737
506
153
290
741
633
658
148
44
844
855
732
913
525
642
439
751
717
831
517
142
931
536
770
516
582
854
832
823
16
846
702
598
817
914
728
699
979
709
658
235
87
31
42
136
652
369
982
107
385
855
462
571
51
642
19
641
544
697
250
501
270
3
467
816
71
766
954
515
919
548
94
675
538
67
763
754
485
258
828
76
866
271
240
746
774
210
236
757
665
999
471
505
865
391
78
490
932
700
294
785
47
631
647
658
203
79
614
150
339
260
667
761
709
311
636
581
136
12
493
62
497
275
995
688
101
708
222
691
501
297
725
528
292
475
477
477
785
121
915
562
204
319
87
958
484
17
296
469
78
839
518
991
460
275
396
214
938
968
952
215
76
595
92
145
765
536
268
975
368
135
617
839
646
520
286
908
115
720
373
236
509
919
897
497
403
25
162
3
972
503
697
461
415
309
744
144
426
352
385
323
123
860
339
1
332
768
346
859
407
122
962
948
200
730
12
923
757
296
259
381
66
402
399
890
603
78
369
947
438
773
281
874
49
287
104
52
854
677
292
650
958
152
255
994
272
446
523
323
194
791
382
803
979
438
905
29
831
779
646
409
935
896
963
567
562
208
736
82
50
955
749
420
461
629
770
141
659
890
293
497
50
933
949
563
130
174
483
424
351
288
304
261
756
756
999
668
266
415
671
244
308
494
570
684
403
122
171
658
165
76
212
512
927
831
509
563
225
463
928
340
777
460
437
142
560
197
249
92
178
350
569
93
326
244
377
264
828
583
206
908
20
767
891
422
392
423
763
536
215
385
276
346
770
63
510
284
588
990
368
128
703
515
541
644
809
883
868
221
94
277
918
254
393
409
661
456
442
976
319
869
833
893
991
22
130
33
435
726
782
917
823
484
991
601
501
0
74
400
952
949
950
845
540
875
479
995
459
254
801
111
229
158
155
534
995
698
111
964
845
739
717
662
866
783
916
468
87
564
795
40
1
801
128
238
583
941
38
660
732
311
985
131
641
257
540
651
447
715
782
114
101
72
307
537
966
596
196
397
267
228
809
615
1
10
550
308
471
285
981
323
660
859
904
248
486
538
240
560
252
29
983
421
721
665
314
56
22
198
510
906
690
662
430
83
263
233
683
434
947
379
232
504
34
712
346
735
430
371
698
405
202
6
816
299
756
865
516
69
210
507
993
205
319
784
839
198
236
476
226
271
778
910
302
111
974
638
507
624
191
917
228
496
427
932
681
57
971
609
149
944
402
55
218
24
997
610
145
425
53
726
61
188
402
460
919
729
904
321
750
115
81
953
169
337
195
189
668
958
537
764
478
32
319
680
742
387
859
382
339
453
173
111
2
80
286
82
359
430
978
906
126
574
987
777
212
389
365
787
841
316
841
823
442
89
50
722
484
200
381
554
941
457
197
331
372
755
918
485
31
646
420
253
831
640
785
414
41
384
35
475
64
822
942
63
263
199
765
64
920
620
347
371
278
343
980
976
631
44
268
764
733
706
324
946
282
304
3
738
773
609
938
824
649
969
965
66
24
845
239
109
486
732
979
476
976
794
395
808
257
935
440
834
505
135
950
508
187
8
821
953
756
310
842
708
791
154
621
241
335
881
327
471
370
802
801
610
80
524
202
401
770
163
253
417
66
665
34
493
565
557
333
164
436
904
107
73
271
639
86
213
98
431
510
726
995
457
177
239
136
426
471
635
912
690
240
765
551
867
792
680
777
124
798
861
300
300
286
580
274
381
260
755
266
203
449
253
190
251
241
157
288
905
929
592
192
334
66
405
257
251
519
538
236
665
827
102
669
475
37
104
4
486
904
838
236
860
459
936
382
41
897
300
238
122
51
194
614
996
847
597
198
952
76
381
524
886
182
459
617
266
793
796
680
968
6
108
652
610
726
634
358
222
38
377
348
144
45
208
261
39
613
749
667
935
208
834
11
838
335
418
694
380
189
635
319
79
208
32
814
507
561
495
64
417
103
814
404
679
563
158
654
546
93
668
167
407
712
277
419
290
683
314
427
976
52
319
763
580
904
365
424
426
18
884
785
821
372
659
201
400
745
414
208
964
6
444
923
160
433
116
840
92
415
591
904
373
471
791
166
133
15
52
564
145
656
825
931
406
91
586
637
949
379
754
516
175
149
356
290
165
533
175
947
68
111
392
502
771
824
811
990
824
202
308
129
857
965
44
998
934
494
322
54
622
948
651
397
88
925
729
635
704
844
912
164
655
804
877
227
635
414
629
866
200
849
484
187
578
223
42
409
961
530
160
392
367
126
153
252
993
742
835
918
197
42
905
575
862
775
688
39
683
858
331
120
399
613
466
563
869
642
796
313
664
430
315
596
255
435
398
674
376
457
515
448
183
23
3
633
501
476
240
457
781
633
798
838
469
856
183
829
484
409
109
68
131
367
440
374
93
821
452
516
522
672
41
41
651
133
84
944
751
321
796
737
523
81
55
770
516
916
386
668
973
803
139
26
877
67
628
749
709
834
112
198
134
906
503
294
979
830
938
814
169
702
807
738
952
226
67
853
359
625
774
258
162
331
918
628
281
926
835
467
147
260
514
987
941
491
213
606
269
630
518
243
326
381
37
203
186
413
165
651
958
284
695
335
916
385
172
811
803
270
117
786
543
49
651
878
368
989
893
463
568
533
593
705
903
917
107
258
548
644
877
403
755
816
380
271
384
377
591
149
368
338
782
83
452
235
180
630
761
980
49
303
839
528
259
317
654
989
891
599
950
679
917
320
750
1
765
34
226
152
297
630
640
442
427
524
372
917
48
135
500
232
627
668
46
22
55
2
580
363
311
108
535
365
546
229
423
597
308
603
136
209
375
638
848
486
162
137
14
959
820
249
724
152
461
98
65
653
148
892
681
800
276
411
831
270
990
11
57
660
840
575
914
358
608
661
592
454
616
959
530
751
504
254
169
925
0
45
63
544
25
415
190
243
163
59
933
797
107
12
627
564
672
963
201
145
423
204
530
622
658
519
663
656
425
832
627
178
520
316
65
307
640
49
910
741
801
489
732
551
6
384
864
447
763
934
476
82
759
671
463
179
231
107
267
237
659
39
126
343
912
767
947
711
965
865
269
728
53
272
651
567
695
446
702
807
939
535
995
271
302
657
950
988
915
222
87
901
519
15
173
266
926
241
861
761
207
967
163
764
936
334
196
901
398
336
615
244
388
929
872
645
943
709
681
861
549
480
483
859
543
714
6
878
27
447
978
742
239
584
905
315
808
217
400
637
599
79
578
932
175
148
33
27
114
109
636
951
165
353
1000
145
717
29
31
42
141
709
658
649
43
713
69
754
47
67
877
604
780
372
204
837
977
839
546
912
680
67
900
888
773
936
728
966
393
109
252
210
208
114
34
35
972
868
932
831
771
649
89
844
769
646
647
294
488
102
135
100
810
775
661
209
301
326
344
433
267
21
359
262
952
289
49
732
778
376
932
328
787
987
616
515
487
871
294
633
763
31
807
422
31
446
531
791
100
355
480
721
49
550
579
221
731
882
847
93
588
839
294
174
446
1
536
206
295
780
768
55
4
356
502
97
503
711
815
845
188
990
506
606
355
980
851
527
266
591
966
162
290
834
219
960
716
237
510
169
112
961
651
785
82
502
806
713
574
805
107
643
334
364
97
410
950
404
913
911
763
88
432
909
661
25
380
211
310
269
438
922
558
513
175
388
905
645
239
966
471
129
544
608
772
705
771
619
661
34
356
595
334
534
159
888
863
461
677
567
759
331
173
474
449
705
791
263
593
236
129
342
473
658
906
713
243
519
196
273
308
772
720
846
863
632
158
740
159
998
253
740
334
617
534
356
164
241
335
978
193
264
998
977
746
104
168
985
673
104
200
393
154
151
813
309
750
304
445
280
200
111
653
933
109
287
211
906
397
475
34
12
408
874
809
447
710
227
512
647
303
474
22
145
263
618
755
414
5
758
248
929
873
440
717
587
601
767
662
431
866
234
683
739
668
901
898
792
657
716
597
872
234
695
185
656
127
464
442
320
266
643
717
100
916
429
248
801
409
730
729
644
160
256
869
433
494
466
20
636
879
419
530
691
676
952
893
187
915
670
335
796
10
398
851
501
929
998
108
39
257
556
223
164
733
800
974
963
204
531
356
103
867
588
467
554
209
734
487
524
16
654
811
848
378
534
351
420
759
970
467
215
700
188
401
526
781
955
125
746
628
364
652
57
258
280
391
409
62
13
76
428
937
430
643
715
691
360
594
271
111
229
310
759
410
962
976
539
994
224
820
983
401
473
217
168
132
951
795
70
829
817
649
197
480
657
575
738
231
834
986
149
361
682
654
850
838
814
835
423
479
301
778
561
665
128
798
853
480
363
802
871
235
273
721
385
703
259
436
695
190
493
2
824
739
818
287
366
250
670
309
328
491
496
438
638
652
87
675
918
371
156
951
310
874
394
58
87
847
578
927
332
802
965
143
543
851
353
648
596
15
673
11
214
974
73
671
300
256
622
103
592
146
874
239
190
794
462
354
803
156
213
925
412
810
547
171
624
912
704
622
1000
800
92
684
923
915
561
806
651
858
304
202
506
709
218
543
80
759
859
449
687
903
119
568
121
270
429
239
846
142
484
504
570
59
495
478
927
147
717
503
252
510
168
552
613
883
752
6
164
860
328
479
712
576
509
681
303
860
476
383
436
428
983
692
77
184
652
369
651
662
29
21
624
46
698
754
953
338
828
96
522
495
496
775
919
147
34
218
735
425
640
129
346
96
882
674
374
349
485
797
538
567
789
934
215
290
445
350
432
257
567
53
846
296
299
363
847
505
413
341
515
278
893
518
353
998
208
670
504
810
120
338
196
324
730
306
130
600
996
650
89
803
41
408
740
567
906
415
558
587
50
408
307
111
6
47
194
841
943
486
623
784
673
61
807
512
931
556
626
385
631
150
641
689
713
705
610
897
697
84
217
40
683
648
468
640
780
178
103
679
185
890
37
431
793
103
936
952
671
13
377
892
842
142
805
316
575
727
264
883
309
189
431
35
326
20
441
579
657
592
956
935
55
509
581
534
40
844
121
792
829
431
589
712
940
414
457
68
14
696
396
608
606
960
675
159
486
788
422
561
104
84
659
483
217
917
155
641
15
437
4
9
700
685
124
989
879
90
223
890
124
132
483
18
282
736
582
248
461
751
762
191
944
51
374
792
765
730
711
876
148
747
777
86
300
643
570
726
510
471
685
954
911
260
935
987
53
734
32
11
62
15
904
666
703
836
633
81
398
318
319
746
614
169
980
881
854
498
623
61
323
376
971
588
745
449
481
693
170
148
989
816
119
371
976
660
167
644
821
427
488
394
796
805
463
967
278
803
772
580
341
299
286
62
636
997
666
720
821
847
614
340
890
620
743
1000
15
851
154
615
852
316
598
438
999
909
252
385
396
701
385
616
789
917
239
826
462
290
705
1
329
269
274
432
161
600
942
835
781
908
801
43
295
853
144
831
911
888
585
150
280
998
871
816
826
560
701
795
935
511
355
547
87
552
566
496
816
390
205
806
768
739
954
239
316
621
58
693
404
476
725
211
948
260
600
769
9
810
394
470
553
89
549
825
363
790
64
238
407
593
533
918
265
906
853
534
328
488
518
603
206
193
217
196
94
185
825
717
296
371
591
577
367
412
798
529
877
152
252
45
944
505
383
887
108
380
647
474
806
83
159
323
611
31
353
287
531
621
21
96
34
209
891
886
579
497
600
580
218
267
947
797
286
436
99
969
457
785
607
838
623
986
134
260
863
38
346
205
185
387
85
28
52
35
570
378
891
722
469
498
969
865
931
916
65
883
612
655
406
944
122
723
982
92
263
326
578
238
656
91
979
942
685
518
402
187
459
870
163
379
988
240
738
227
176
39
964
262
963
360
60
924
566
926
28
857
941
48
264
805
525
726
757
662
779
495
57
103
148
325
773
5
961
203
693
766
305
603
605
451
776
668
107
482
331
380
263
399
127
383
492
388
172
451
244
826
146
936
693
913
12
479
734
934
199
818
36
160
949
852
225
79
956
633
887
382
910
767
143
796
457
980
99
948
951
394
862
22
643
76
463
995
347
330
842
239
488
118
643
374
146
339
226
753
58
184
730
462
566
910
148
449
891
152
272
428
421
252
159
26
277
584
859
303
342
823
171
266
502
111
325
467
924
494
116
157
525
58
646
916
806
684
947
216
573
488
855
293
122
263
772
206
993
373
442
267
244
947
243
99
399
296
425
917
166
58
852
743
300
147
655
16
452
826
519
349
523
143
453
1
808
852
966
539
293
190
368
445
41
933
418
223
283
585
185
141
863
184
534
788
235
728
179
201
615
81
848
89
910
623
748
507
779
280
179
210
140
627
685
724
643
831
196
596
315
207
10
67
708
750
532
417
861
738
938
56
530
830
355
343
288
862
654
885
968
504
92
15
419
932
781
488
136
892
681
272
254
190
576
851
375
37
167
719
380
588
609
878
4
364
532
954
456
991
528
73
123
365
731
250
836
849
886
934
328
797
728
888
390
590
769
919
62
298
893
110
976
748
506
457
525
26
543
823
550
137
21
249
990
90
229
633
186
171
105
319
256
568
836
978
30
19
98
948
715
756
199
267
18
857
613
652
590
475
535
244
719
454
105
359
890
96
734
183
46
279
126
476
505
599
512
779
286
112
124
124
415
905
140
554
606
232
881
232
150
684
586
473
764
406
168
970
845
18
960
650
398
710
430
611
859
617
538
37
405
993
963
53
795
371
346
410
246
858
343
732
446
863
577
823
934
328
834
410
867
574
54
332
529
150
980
696
956
361
255
891
432
679
647
11
373
111
543
191
70
332
443
205
516
685
21
230
142
430
992
406
795
959
464
648
47
828
905
996
905
41
35
886
656
635
272
939
694
638
279
643
555
825
946
36
636
102
256
124
532
13
444
242
973
40
294
115
312
355
663
170
123
61
608
982
979
943
526
923
274
86
477
604
546
954
151
450
126
523
134
906
300
937
416
591
295
280
249
753
89
758
559
294
859
465
624
711
583
226
665
395
206
561
727
375
471
913
561
310
627
489
480
838
317
31
248
341
226
193
524
559
392
992
599
405
12
946
361
166
882
974
244
331
570
333
503
276
291
899
221
302
58
790
22
162
564
68
620
892
356
450
673
63
529
397
854
450
362
753
781
111
533
230
982
693
756
956
158
426
345
684
360
143
691
207
631
625
870
283
840
859
530
97
756
876
761
944
777
486
275
803
645
725
647
936
720
130
422
891
105
4
420
784
563
599
120
509
407
985
585
153
427
870
802
286
893
636
621
113
388
872
463
709
468
294
740
361
299
361
400
538
568
609
393
663
329
6
805
763
869
511
389
454
307
188
549
311
822
148
446
589
386
595
237
90
841
942
338
331
992
863
622
858
248
981
333
209
995
436
912
932
978
10
26
48
262
578
917
509
307
942
549
792
319
551
634
447
529
845
529
744
701
440
398
475
366
41
608
692
359
463
970
10
692
69
537
234
101
419
383
512
410
664
574
950
587
157
900
192
987
431
498
411
450
785
639
920
601
351
708
542
764
835
94
174
371
325
375
76
845
318
524
179
113
671
915
301
706
351
840
957
521
909
994
430
646
160
536
296
835
523
212
517
914
192
422
186
61
645
578
617
109
361
583
646
651
740
43
708
421
10
806
2
314
727
707
566
4
939
311
407
862
100
600
15
684
30
201
179
509
787
566
580
272
892
662
917
544
526
147
588
203
420
616
124
148
160
530
777
521
109
29
102
77
174
970
535
502
842
478
627
440
825
819
63
665
12
700
789
592
330
147
732
243
362
282
173
33
273
643
101
879
925
970
596
64
357
196
460
638
394
20
55
225
911
405
596
782
982
44
450
55
635
244
255
228
45
163
953
601
875
177
322
6
920
887
835
466
310
428
617
258
983
908
507
972
69
248
693
399
691
735
598
226
423
316
408
896
728
496
22
811
889
249
89
177
174
366
388
191
7
994
903
297
405
575
371
117
343
546
892
394
343
412
666
67
984
126
432
845
934
359
567
250
396
195
478
290
352
242
446
35
285
680
25
349
824
159
247
722
132
94
201
276
557
855
806
130
568
453
478
856
814
824
245
163
376
361
221
739
414
385
644
981
594
213
304
973
487
516
209
232
878
463
691
134
964
723
267
610
921
450
601
376
547
252
413
622
522
217
128
893
768
125
694
525
93
555
872
276
753
790
783
394
29
673
735
581
148
318
15
399
727
88
711
181
794
871
237
328
192
678
912
111
69
575
935
370
824
512
776
304
197
67
735
318
90
231
295
129
836
733
408
289
364
413
864
930
475
793
643
903
643
881
883
135
959
283
180
30
375
695
818
679
707
359
918
422
25
674
720
716
473
254
867
410
360
927
643
100
186
298
117
277
934
623
751
224
729
693
41
414
40
623
165
441
202
775
310
159
389
756
40
565
318
644
653
964
183
578
859
233
583
509
733
533
260
947
445
686
700
589
357
958
0
114
854
782
795
671
293
922
43
896
874
599
621
712
48
997
250
697
113
38
810
326
215
795
936
353
767
935
88
427
711
761
403
765
630
848
226
287
539
92
357
969
972
434
453
952
348
708
515
756
704
849
859
643
640
463
520
55
692
715
210
438
689
524
866
950
796
130
501
780
193
44
975
719
844
825
572
267
178
559
167
992
799
652
241
556
266
255
986
60
172
366
355
421
94
206
651
318
140
139
702
723
498
686
494
243
722
247
6
527
708
455
136
958
656
359
714
306
136
905
724
145
601
576
246
341
644
834
120
561
434
778
963
173
693
682
158
613
472
859
784
415
851
211
117
706
296
12
369
498
211
44
61
917
287
311
201
113
718
316
458
985
115
165
332
455
479
582
371
296
172
570
73
46
11
479
768
497
85
765
734
339
756
577
270
111
660
500
979
444
500
194
802
556
329
8
367
941
93
659
292
642
628
957
748
668
716
257
668
251
80
141
765
28
25
793
404
859
148
303
376
190
985
653
538
866
917
948
698
172
104
803
736
850
317
760
631
334
388
188
662
845
364
327
235
377
139
564
941
378
857
851
259
245
59
42
109
580
822
643
943
839
722
412
926
51
967
221
506
433
511
748
161
306
617
595
641
82
145
704
232
167
141
453
652
993
411
91
40
871
450
490
195
223
740
381
2
32
861
625
875
853
805
523
435
146
290
73
677
56
526
727
431
911
346
64
449
9
682
978
845
180
925
742
168
387
302
4
453
823
576
691
356
581
200
480
87
555
331
529
471
438
994
547
930
640
886
158
997
410
984
623
634
83
830
829
61
740
692
339
623
674
304
578
584
431
975
377
492
672
662
140
306
886
351
543
906
648
28
868
193
227
694
757
458
707
87
150
676
592
380
568
594
965
426
368
542
246
578
451
405
267
116
232
184
991
911
207
561
767
114
226
882
857
259
665
97
192
543
686
257
726
501
232
567
469
231
554
586
713
115
753
525
931
602
580
82
871
417
695
75
819
450
137
884
515
563
519
731
858
775
970
117
641
983
738
527
104
471
850
702
401
557
175
991
983
196
576
486
793
95
140
382
794
633
58
414
242
48
381
42
15
718
608
978
218
470
307
123
724
138
436
930
909
89
636
893
206
576
117
939
745
891
363
172
375
763
861
349
823
781
753
696
11
845
261
125
245
381
525
754
537
970
365
739
500
44
836
618
361
102
364
562
335
822
617
115
34
947
932
691
248
260
362
197
710
457
21
858
595
450
116
810
21
499
113
75
819
264
189
153
567
953
296
894
703
685
389
856
147
602
896
256
551
706
779
827
275
971
454
14
25
350
154
498
513
495
894
32
819
857
36
76
186
635
837
660
695
614
401
863
487
990
162
709
865
459
402
234
893
980
625
529
77
369
337
540
221
318
915
134
603
639
44
216
173
838
369
744
478
339
590
479
397
959
362
321
6
343
593
495
341
232
21
254
470
897
623
46
646
149
744
687
147
279
393
279
65
512
268
365
582
587
540
598
979
142
715
34
937
574
924
789
97
893
204
792
436
648
585
649
101
371
810
288
812
814
243
893
815
961
144
697
73
311
986
781
349
757
371
521
873
650
251
358
893
563
732
415
342
61
721
345
687
330
904
801
493
515
376
915
249
828
240
357
154
138
210
7
910
891
687
464
414
456
405
582
790
309
951
172
600
67
147
308
737
315
258
744
585
564
674
959
988
348
75
943
194
597
946
81
598
183
311
594
361
479
365
993
793
706
438
738
889
944
69
858
496
326
920
179
282
919
263
559
23
776
168
641
274
242
721
20
223
48
409
458
205
914
617
289
884
513
663
101
201
247
751
58
986
132
615
49
81
75
828
835
896
589
349
736
139
5
192
277
549
657
896
15
655
330
945
28
217
329
334
888
767
27
664
497
415
624
695
819
345
178
58
884
424
815
46
89
641
627
342
794
506
612
409
263
962
474
894
13
26
947
324
577
669
320
57
425
628
727
741
854
337
160
95
19
159
215
146
542
785
860
92
366
833
370
433
352
551
696
602
886
568
157
673
616
588
338
235
758
633
264
832
728
489
781
32
794
662
316
667
791
562
1000
723
464
572
284
370
535
542
963
280
135
258
9
571
487
102
671
828
792
1000
371
154
643
233
410
774
92
959
28
639
137
125
61
556
513
209
568
796
186
265
962
620
374
755
152
924
181
891
755
876
943
797
165
541
29
359
796
726
248
452
880
510
218
651
934
352
922
819
398
471
217
331
808
925
27
110
675
750
15
67
826
660
935
411
690
884
359
61
233
577
385
419
928
941
384
967
672
642
880
229
31
257
21
268
726
444
247
236
362
208
333
777
435
658
285
305
900
510
221
583
809
160
488
883
956
890
787
273
977
769
139
842
307
289
90
339
4
497
893
912
255
165
327
699
624
611
979
463
217
593
53
904
800
214
871
904
753
369
47
798
792
884
449
186
445
884
143
958
304
701
25
824
114
155
997
934
9
136
933
309
154
514
753
360
99
769
172
475
699
406
92
424
347
657
940
681
733
406
903
343
916
33
599
240
206
811
642
706
15
38
138
516
609
237
588
440
715
107
745
20
49
915
324
66
899
112
123
980
499
993
139
538
438
2
183
229
701
553
151
648
755
558
512
115
542
362
859
508
980
940
79
357
993
220
873
990
995
904
229
748
74
279
720
181
15
270
275
70
989
44
201
520
49
417
808
569
974
371
273
10
333
704
42
668
464
557
288
561
338
706
420
895
763
734
275
408
432
325
552
429
392
996
154
396
779
394
902
419
823
146
919
650
5
244
622
513
948
260
710
625
747
386
246
845
203
679
118
88
863
635
802
34
930
733
50
415
710
571
332
701
661
453
562
684
323
466
994
591
0
484
764
662
873
481
522
350
606
559
389
240
844
644
810
761
890
387
363
729
65
402
999
538
272
627
675
693
846
329
73
643
816
556
680
228
946
627
783
271
268
930
861
484
878
738
356
534
603
488
584
226
145
67
949
775
541
372
536
209
540
173
832
374
244
689
176
156
841
677
471
181
655
970
847
876
915
667
888
932
44
329
390
370
852
884
837
438
125
419
157
719
257
384
105
373
365
678
822
535
533
309
463
678
90
281
405
297
456
711
114
460
649
489
748
817
178
777
529
153
6
696
133
375
500
533
676
243
637
379
535
348
820
390
258
18
569
205
0
584
265
59
604
182
313
735
557
281
938
331
261
247
271
854
448
93
537
651
505
879
90
206
131
433
981
811
297
632
799
380
942
44
734
453
384
375
42
729
771
302
993
417
441
663
622
830
262
360
244
394
870
592
132
947
633
196
994
872
728
594
381
64
681
208
337
880
72
81
774
456
388
402
538
424
508
958
922
658
775
810
26
110
607
577
473
957
473
717
859
446
424
484
180
911
66
450
407
503
138
524
770
844
9
686
237
758
205
411
554
41
947
696
301
567
338
787
396
788
470
120
92
226
868
78
584
837
15
104
508
90
868
771
220
577
465
56
843
697
204
728
343
494
883
56
563
707
765
427
863
597
143
416
836
51
892
641
149
328
342
194
530
6
190
551
281
532
268
88
320
392
261
679
879
305
569
404
523
907
430
697
52
314
311
254
887
389
821
446
877
552
263
312
206
134
53
212
549
667
382
954
475
672
500
726
597
144
374
952
820
349
205
467
941
723
569
679
52
746
321
8
545
69
418
974
578
843
331
36
280
224
815
449
298
205
727
214
821
996
606
625
465
415
957
745
455
208
899
208
59
184
444
878
654
127
50
140
883
901
73
833
610
509
184
14
944
738
574
754
819
168
510
226
690
737
691
766
301
821
216
547
858
162
149
796
939
732
211
528
103
476
97
206
803
93
973
51
424
229
674
853
263
723
927
453
702
434
158
889
58
946
712
136
42
163
856
457
300
776
238
895
596
816
326
723
574
736
157
316
933
264
332
561
861
219
155
968
818
681
236
400
997
33
335
389
159
656
298
228
670
558
710
95
202
475
152
745
188
440
341
695
411
117
39
848
360
125
673
945
215
671
961
536
538
74
297
501
356
18
768
800
508
910
952
934
95
205
496
286
884
310
612
597
553
774
90
206
143
481
277
786
914
783
865
925
232
592
946
307
33
594
613
103
990
1
352
199
967
155
672
307
51
176
341
358
460
492
253
337
760
372
183
112
806
851
305
828
71
741
572
465
97
764
564
115
806
165
609
402
472
36
34
40
525
593
99
422
662
713
135
425
591
857
361
78
383
745
679
751
167
368
173
678
964
92
339
5
862
660
894
856
491
310
152
267
96
109
900
244
119
156
508
276
548
554
120
332
479
251
167
582
548
43
518
262
375
972
202
290
413
568
208
130
930
245
744
892
547
513
245
911
97
15
108
965
54
500
810
810
718
584
215
705
761
234
89
768
175
157
861
270
31
434
402
639
530
112
298
583
911
123
86
679
592
222
239
249
609
793
802
525
727
838
63
841
251
74
613
345
100
42
220
633
791
708
178
834
310
350
86
830
777
472
606
942
187
11
325
962
953
421
805
416
33
90
807
250
151
751
523
695
171
154
816
352
788
143
208
202
947
224
702
339
725
999
68
2
810
901
491
38
509
538
797
337
929
70
769
617
651
64
203
887
640
51
866
374
805
421
94
666
734
994
357
596
166
822
988
504
688
790
763
508
138
265
848
710
959
310
926
54
762
477
852
807
821
696
604
168
445
395
844
655
803
960
891
525
306
765
983
607
544
670
968
647
118
69
991
801
806
821
258
768
858
867
237
245
202
601
468
575
242
898
504
588
929
955
701
910
727
51
401
679
802
404
812
641
699
792
964
350
845
388
415
970
89
233
668
688
856
810
347
679
609
925
856
436
811
312
4
307
500
618
16
973
113
899
831
486
428
420
619
306
468
149
343
558
218
85
362
403
864
477
634
33
299
343
90
277
191
718
910
452
417
676
551
826
247
123
221
699
642
42
384
842
918
188
399
277
340
980
154
371
171
229
359
911
835
624
903
915
983
403
315
511
326
978
897
518
809
621
193
877
850
991
166
400
539
9
0
873
179
106
967
251
465
578
828
672
256
754
360
692
103
565
752
882
771
526
682
385
138
950
771
915
259
682
426
77
526
638
339
454
272
980
302
370
312
677
726
647
702
384
960
534
828
692
61
928
670
510
505
372
708
999
18
58
896
854
909
699
121
570
386
458
318
769
524
912
155
746
621
767
469
35
970
333
494
140
7
975
959
912
277
147
192
601
940
590
520
47
401
177
765
603
656
287
642
780
247
298
791
557
26
430
561
417
664
86
824
972
692
654
389
504
986
997
726
368
707
924
284
331
165
853
588
507
845
49
812
545
355
915
143
205
528
826
898
63
166
315
756
533
174
697
319
929
54
601
304
994
392
795
990
368
985
710
191
278
316
912
966
486
202
635
328
950
448
412
111
697
266
370
403
327
394
812
986
483
273
115
208
948
930
637
461
513
857
418
652
163
797
913
322
45
155
285
775
548
481
677
572
868
686
421
770
78
281
401
371
734
939
405
542
830
295
871
645
124
265
460
789
12
42
544
846
714
580
312
362
616
962
368
271
249
907
71
896
561
98
771
617
694
848
422
854
827
728
113
952
314
169
660
180
990
740
649
760
708
120
793
413
403
861
962
808
760
859
349
409
401
511
825
344
358
885
190
729
892
146
544
753
533
423
685
949
923
295
136
218
346
698
67
946
423
68
514
3
872
587
683
241
591
442
413
219
587
746
280
804
865
695
807
873
858
135
154
227
687
870
772
244
512
127
919
289
920
34
760
993
840
952
664
390
899
294
134
662
721
896
720
393
627
917
281
729
68
790
617
619
844
521
279
622
218
925
229
316
96
368
692
582
998
909
821
80
368
23
716
529
73
124
858
976
332
223
3
468
644
782
142
457
281
515
60
1000
456
604
568
609
826
33
40
550
847
478
113
495
229
301
644
958
348
987
338
543
582
235
223
569
812
840
213
288
859
997
828
591
549
730
31
228
796
177
29
830
516
274
434
383
64
977
645
280
741
91
598
115
409
399
524
977
602
418
231
682
888
902
56
823
380
984
544
337
673
257
73
657
489
589
136
441
464
992
699
901
725
632
465
195
349
630
194
114
412
169
289
777
198
78
753
918
528
16
449
796
202
809
720
760
201
791
271
206
573
773
718
858
996
303
765
805
971
23
942
757
739
627
736
16
64
362
210
427
13
855
884
656
739
765
645
550
270
571
363
642
167
578
647
323
363
313
107
45
757
179
707
363
431
920
30
823
730
465
791
104
351
109
878
157
372
796
905
482
497
84
933
345
813
326
487
918
841
999
131
870
111
540
576
257
520
398
214
362
257
672
21
960
930
197
727
284
968
834
531
447
793
749
743
393
164
831
917
861
447
137
141
13
113
219
745
599
544
388
28
9
832
850
996
804
88
474
799
44
208
910
586
547
935
72
879
331
346
639
573
906
472
496
787
654
925
210
7
249
209
927
363
391
901
106
100
605
898
129
967
204
450
467
585
599
942
651
701
723
935
450
779
69
583
741
736
55
882
481
173
409
667
689
882
730
245
734
665
480
708
901
483
620
145
121
930
509
613
390
64
716
244
819
910
234
5
401
579
806
763
843
229
649
756
759
663
39
248
96
929
999
204
821
0
38
477
49
411
246
963
953
982
224
793
688
45
952
569
653
591
941
423
269
42
157
479
18
490
775
979
106
777
996
903
727
98
191
146
826
541
166
630
524
331
108
522
805
979
911
390
938
900
2
73
871
30
569
663
841
87
514
575
634
627
608
810
818
550
79
722
55
677
558
629
297
468
406
686
7
573
762
213
24
191
849
519
831
857
468
213
125
725
665
753
212
687
439
113
627
999
88
559
532
360
693
96
89
747
244
870
902
868
103
91
376
280
309
316
780
302
151
505
620
590
342
787
196
7
80
76
44
116
699
709
785
613
219
532
394
466
417
945
625
588
664
215
938
776
750
770
815
81
934
22
857
60
733
746
31
686
697
138
870
933
441
820
899
56
184
633
965
300
452
261
723
137
258
806
307
866
356
29
332
391
96
166
453
166
969
669
671
954
484
780
638
856
771
768
770
333
280
822
255
13
422
550
21
348
236
557
907
365
943
835
336
1
788
789
793
244
911
350
813
81
544
165
107
36
845
871
321
435
642
345
375
65
550
124
988
469
164
216
543
54
665
679
551
250
960
939
417
953
935
531
706
795
990
646
91
663
217
223
294
773
928
906
13
731
266
441
732
121
970
180
625
448
629
703
170
707
970
763
291
771
400
254
349
263
983
28
93
707
887
214
656
265
633
987
671
658
758
605
145
671
71
612
69
711
400
311
79
65
747
68
548
14
75
370
76
145
570
115
739
505
663
992
522
704
898
280
942
787
460
182
921
102
261
310
404
418
713
706
177
455
745
899
97
881
954
471
350
330
852
210
31
397
848
803
231
109
875
213
822
359
686
343
284
639
10
865
194
74
926
91
161
801
675
677
601
319
677
269
184
46
147
492
99
856
58
392
260
667
91
583
597
228
63
66
302
15
274
873
953
133
958
986
363
372
555
739
180
141
378
806
754
257
379
375
170
535
679
114
893
254
931
815
169
292
779
389
954
783
30
229
664
198
907
224
780
393
873
374
246
656
914
483
269
890
7
51
101
679
386
856
378
240
288
30
483
448
499
118
112
470
568
728
503
95
414
120
496
491
945
177
931
236
436
450
62
121
195
69
272
369
454
480
244
959
346
568
58
73
521
227
495
762
221
576
625
891
985
950
878
385
112
61
966
442
537
57
245
534
174
522
885
323
217
103
85
488
271
479
946
968
471
803
748
134
76
826
463
646
325
100
210
287
678
808
369
69
122
720
486
493
263
184
521
11
642
668
831
527
924
25
659
481
703
758
32
550
663
239
791
510
680
619
142
666
373
148
396
822
908
968
329
758
42
877
878
376
672
924
666
186
716
232
16
612
469
923
741
83
460
222
870
36
292
449
998
143
859
196
311
766
321
597
204
961
67
411
25
695
169
12
368
971
495
238
67
488
382
523
873
971
760
503
688
217
636
927
221
197
853
481
206
317
803
467
277
231
998
984
773
329
32
416
181
351
422
684
725
23
582
382
788
165
244
847
857
0
158
622
831
264
621
465
486
575
561
728
395
140
267
246
575
123
280
983
426
152
932
140
534
138
595
328
907
771
58
171
239
432
171
82
599
839
463
808
418
259
909
583
677
228
880
154
979
762
275
990
964
729
417
97
52
446
936
839
106
990
17
925
296
72
295
771
990
179
891
141
430
75
542
385
869
307
826
679
669
722
525
597
119
456
249
511
673
543
600
696
820
378
920
534
985
571
197
446
77
606
919
259
584
391
185
880
708
979
261
658
242
421
375
979
536
263
693
841
75
717
759
58
639
698
483
217
688
335
818
942
9
455
486
348
694
779
726
978
663
911
184
476
981
332
804
994
238
440
91
980
994
212
555
418
410
984
137
921
765
238
379
752
725
368
389
679
506
785
373
130
227
655
220
900
272
115
36
522
139
905
415
630
430
661
79
480
596
465
964
340
590
555
364
353
721
776
447
322
179
830
493
709
18
692
692
799
164
403
378
119
985
644
785
299
855
563
657
208
649
254
721
606
989
787
201
378
784
870
308
664
261
167
841
66
615
465
870
681
896
785
602
46
203
918
15
609
547
422
743
574
278
29
71
817
4
857
177
87
712
254
4
177
235
178
271
922
728
804
242
19
24
116
84
957
90
993
203
152
481
343
75
534
357
327
298
427
765
490
895
264
341
56
949
85
270
166
271
93
64
639
53
713
996
269
134
810
888
746
336
349
513
503
144
192
619
951
573
824
52
769
157
859
709
432
394
302
734
17
234
318
816
73
821
483
96
67
600
155
195
812
724
463
823
479
810
834
236
637
95
844
679
483
578
445
141
13
197
955
596
220
110
860
649
468
246
768
264
513
433
534
545
339
741
58
31
234
741
24
226
525
297
216
655
735
707
465
629
196
923
188
209
318
678
920
267
134
161
63
231
474
789
347
846
720
733
697
981
718
813
824
317
406
323
535
738
313
56
793
623
323
91
300
50
332
526
242
154
179
954
644
898
251
472
30
202
328
122
803
518
735
533
890
371
702
733
487
541
318
794
76
108
674
71
638
396
447
495
68
258
822
684
525
227
460
325
872
488
960
729
428
788
722
380
547
457
798
949
742
956
322
633
52
107
787
466
89
652
944
285
136
38
878
966
931
570
132
64
477
700
634
35
307
673
70
872
768
676
789
348
447
532
87
148
403
714
96
733
986
753
52
32
294
931
786
686
138
542
109
716
72
323
167
838
544
618
853
416
173
245
177
396
783
826
436
724
346
371
126
912
248
469
995
565
119
93
265
965
758
962
913
737
925
395
484
231
979
189
618
830
295
776
476
402
733
206
751
806
132
766
198
937
981
502
109
888
832
525
346
821
253
28
261
525
480
833
712
152
999
875
630
328
320
176
746
762
869
349
699
192
675
428
57
841
0
883
237
588
352
10
806
781
260
621
40
920
38
974
334
233
868
325
838
902
272
972
374
308
383
632
361
403
387
290
112
965
232
12
931
692
420
774
651
788
908
580
773
933
250
836
941
659
823
53
910
745
175
772
154
832
314
259
516
671
333
389
447
859
314
136
245
552
730
344
686
840
56
353
917
864
176
868
327
899
792
142
877
960
977
762
894
693
555
668
932
49
812
891
862
560
466
968
347
481
801
472
801
766
890
857
219
746
348
369
255
65
102
121
334
907
26
924
815
26
232
378
72
629
69
509
758
53
203
880
473
655
411
318
821
488
976
387
317
653
647
908
916
590
481
326
921
353
751
859
319
756
894
360
587
936
108
614
601
849
917
530
70
495
456
426
12
901
978
681
232
212
213
371
555
371
949
981
674
712
883
127
670
936
582
35
472
605
582
442
24
734
134
439
94
188
536
297
840
527
807
762
365
103
227
812
762
618
820
59
224
375
904
964
755
443
161
389
652
726
78
952
426
206
335
309
336
527
749
995
191
503
559
770
512
11
684
892
146
619
979
387
851
574
921
814
168
187
17
932
664
564
900
777
115
889
582
370
54
946
56
212
517
23
922
514
871
920
731
922
729
977
220
523
473
955
158
573
218
147
156
646
448
822
31
434
139
616
704
265
618
282
239
430
221
525
643
479
55
94
792
5
821
348
924
734
169
766
801
242
551
261
237
529
841
179
237
617
179
925
893
206
999
599
738
738
112
767
473
729
608
727
221
279
856
858
434
947
523
53
500
966
1
453
890
88
889
71
919
815
572
693
425
145
327
471
175
654
221
556
344
418
784
738
251
203
233
165
890
419
365
633
446
310
317
165
650
223
456
87
145
197
603
323
127
516
303
188
427
491
860
450
787
996
606
497
484
967
283
482
530
202
483
606
521
148
512
173
238
75
360
718
392
990
71
413
102
362
751
435
343
360
721
707
860
401
660
155
476
885
854
586
561
6
42
869
803
745
488
362
521
645
729
942
694
411
974
442
634
305
160
567
668
678
764
752
4
972
702
148
641
374
694
872
408
810
334
604
585
693
224
348
820
967
160
562
565
412
666
186
292
118
139
919
926
819
998
27
631
330
825
491
451
507
281
372
533
916
20
358
562
544
810
951
332
654
960
488
119
340
260
396
624
623
578
804
877
266
17
379
819
397
68
371
829
934
643
551
12
282
912
340
294
841
506
164
961
706
386
22
77
197
214
60
754
824
143
150
318
233
224
58
447
270
124
751
994
737
928
932
109
969
147
564
564
944
996
91
791
947
152
444
857
197
40
766
508
879
747
395
432
95
644
893
725
771
183
611
129
1000
308
39
86
57
164
127
39
22
335
725
711
645
172
115
474
165
109
185
202
623
366
688
963
992
202
369
123
877
444
333
400
418
259
456
238
494
998
25
689
722
921
179
169
184
914
155
812
359
641
754
670
60
456
542
637
697
927
34
801
450
560
809
905
589
14
462
449
902
23
615
648
345
676
405
523
965
151
880
49
936
805
574
528
145
508
179
704
392
160
707
661
4
512
821
944
804
718
527
961
5
864
817
370
424
722
685
193
583
389
745
678
418
341
982
491
978
593
951
629
165
323
916
385
195
275
925
216
811
680
807
629
840
4
593
704
334
325
657
775
573
268
820
625
344
162
587
878
559
500
974
281
879
945
84
503
952
848
775
47
152
438
779
84
587
424
928
301
600
519
437
721
955
4
89
603
795
136
105
385
283
897
116
620
892
445
452
903
743
828
262
83
747
459
664
377
99
36
505
854
739
306
219
66
670
264
284
800
379
210
942
520
965
512
539
436
787
585
709
827
663
776
284
467
658
884
325
410
699
972
714
484
981
121
47
767
856
148
830
695
302
54
616
885
553
754
758
960
134
360
652
871
385
878
255
265
834
518
34
455
489
26
88
83
871
810
914
904
35
220
475
615
480
897
735
82
746
297
351
860
955
623
189
979
139
660
834
776
122
660
190
858
512
266
344
168
167
928
952
228
485
878
804
229
256
265
934
62
226
164
928
627
309
994
789
64
645
392
545
639
875
991
454
217
100
426
935
480
824
320
698
61
762
392
237
668
474
492
842
542
985
200
945
265
164
533
700
122
567
325
414
910
171
936
140
920
481
480
504
955
274
576
376
101
567
509
780
997
603
336
166
351
907
97
376
388
982
114
993
143
510
596
289
990
338
394
591
560
182
321
788
29
325
209
469
126
979
291
466
644
378
576
796
970
960
701
712
371
492
972
951
649
202
556
981
883
680
685
179
368
192
619
194
307
300
992
726
250
726
996
600
65
430
10
214
566
72
210
527
519
678
120
771
856
242
685
113
700
293
948
103
197
694
594
730
683
1
272
50
998
436
89
992
287
320
916
582
709
9
527
425
358
924
727
603
545
844
185
13
586
207
183
927
852
229
104
215
954
124
273
599
901
757
527
979
331
691
989
393
414
714
27
68
610
850
714
434
113
849
764
913
276
526
151
438
372
891
677
22
976
27
55
437
638
544
669
394
164
380
743
374
564
136
367
941
921
378
261
556
145
166
161
155
152
113
602
815
820
127
163
316
514
580
588
98
573
508
422
474
556
768
15
744
59
241
432
143
242
947
774
5
247
916
843
365
247
792
94
854
488
603
396
439
343
487
