585
33
439
494
591
15
211
473
832
503
843
284
669
830
164
35
533
501
335
77
255
975
975
763
369
45
430
880
142
617
363
390
431
290
846
691
268
467
178
702
310
677
371
136
467
786
880
245
992
450
628
384
45
596
4
241
137
199
963
931
310
549
374
790
919
245
321
682
562
461
446
481
66
668
598
332
864
513
160
862
229
993
422
244
37
32
508
308
837
621
673
73
546
946
875
82
153
393
580
968
383
934
615
153
115
986
794
791
98
452
170
826
195
970
357
443
993
424
456
251
697
281
146
632
534
182
885
122
273
466
309
168
676
664
965
840
178
796
180
491
791
355
335
445
229
5
557
729
44
339
918
327
248
81
268
458
414
596
162
399
942
890
507
689
914
247
753
537
932
278
532
494
616
511
64
170
501
690
472
919
410
139
430
554
598
357
551
397
501
718
169
572
451
101
991
997
425
848
36
892
2
449
548
66
51
358
94
155
111
622
464
853
818
496
142
469
882
446
793
513
944
457
351
743
265
919
807
714
469
433
336
665
532
931
535
157
757
243
330
633
33
703
200
658
926
602
589
849
643
490
25
826
119
985
303
445
871
879
252
735
296
910
91
47
611
935
563
785
985
108
836
292
166
686
488
144
369
609
410
941
805
196
358
186
81
605
199
436
212
98
700
315
908
985
474
883
761
769
711
847
534
739
433
458
680
761
568
213
272
611
373
118
642
801
642
7
214
434
624
418
895
391
892
831
667
204
71
790
433
816
91
843
56
356
260
368
467
434
777
198
643
767
289
477
711
301
518
511
519
929
269
414
452
654
349
357
743
283
494
927
457
873
488
601
491
85
706
552
737
375
820
739
414
932
812
172
987
617
425
737
577
67
609
867
751
856
313
16
605
335
667
329
75
758
406
624
382
289
620
190
246
172
315
97
569
809
836
958
54
225
583
762
75
973
431
196
583
585
449
936
998
823
890
607
16
401
206
347
868
909
588
195
535
955
829
577
782
789
977
855
334
891
48
673
708
592
51
37
578
374
880
957
406
332
615
653
175
791
161
120
620
808
885
353
168
31
740
943
549
523
824
357
90
406
449
591
902
356
61
149
946
886
455
723
482
624
462
739
452
618
179
362
843
433
842
844
351
978
572
525
469
397
199
99
443
656
156
42
954
880
191
655
649
194
583
439
998
931
812
922
368
572
385
983
51
619
53
169
318
979
972
228
50
593
180
102
651
578
369
856
190
309
970
870
43
405
612
781
439
79
353
777
199
503
166
172
415
828
770
986
479
963
795
336
899
38
177
853
900
180
595
723
430
156
525
657
911
713
401
992
96
406
982
832
121
240
109
432
739
654
318
740
296
546
665
869
912
101
353
853
928
534
634
486
622
250
545
297
12
681
161
986
693
395
710
234
99
522
652
780
485
102
590
927
408
596
223
294
363
71
992
903
193
637
882
571
543
26
76
409
830
32
17
668
857
440
346
853
940
182
744
48
367
332
640
487
806
175
19
210
130
296
982
840
206
252
927
252
395
629
558
598
609
428
894
564
779
31
128
5
126
28
858
56
702
789
785
182
127
709
394
69
14
677
444
756
677
187
639
431
923
48
564
173
54
719
385
592
470
466
343
190
35
408
642
470
500
975
726
730
373
681
72
142
271
259
180
93
471
13
157
284
80
931
537
315
144
785
107
549
123
294
722
633
826
342
829
3
589
265
650
955
771
529
437
896
521
149
730
60
649
57
623
61
661
216
548
14
219
150
313
881
707
862
428
154
879
27
383
528
685
727
118
489
306
475
871
474
179
925
640
144
28
412
623
157
462
672
920
717
845
837
791
183
346
518
685
480
158
44
501
604
398
170
480
718
280
216
506
532
361
669
983
576
787
975
875
569
388
152
912
657
975
324
756
961
324
133
56
468
54
689
342
992
540
534
49
389
624
794
941
805
83
935
714
738
36
130
34
10
953
374
445
226
675
489
854
579
938
677
740
958
92
105
69
982
375
827
466
438
318
181
767
129
782
645
409
556
714
553
197
697
974
763
247
736
159
858
391
223
883
527
612
501
702
849
837
679
395
807
982
195
69
548
746
767
158
874
620
605
551
133
73
672
405
466
90
874
971
214
960
12
465
183
680
174
375
393
647
212
253
341
306
603
265
158
60
496
426
364
349
5
333
690
300
513
919
794
715
897
602
49
416
731
290
470
174
895
844
118
912
858
428
439
94
123
473
165
898
811
75
839
387
544
82
977
7
532
846
741
563
266
584
494
920
885
87
431
967
118
771
416
871
488
834
226
403
918
23
454
469
648
581
728
504
712
429
305
575
672
158
461
170
232
483
511
586
478
413
309
996
767
564
930
458
612
777
23
512
557
376
646
721
835
475
310
188
240
228
382
617
164
543
798
852
27
554
578
818
853
877
33
59
168
430
779
314
168
786
200
29
172
478
321
43
516
251
36
17
145
695
501
464
789
360
22
430
646
696
364
265
17
158
261
42
144
669
702
680
917
244
117
527
730
992
952
484
795
784
303
358
327
565
436
797
885
714
336
611
839
301
439
57
109
493
681
740
732
368
497
743
447
482
365
71
161
594
195
562
775
329
295
203
5
747
599
439
741
785
43
781
750
175
165
815
494
369
403
122
398
254
809
984
207
925
967
588
870
79
503
837
897
54
562
858
940
262
500
84
797
761
931
674
627
712
88
250
885
662
178
173
460
414
915
720
573
195
702
433
716
234
445
423
194
236
740
719
872
854
369
492
857
729
133
772
944
827
203
821
584
673
870
756
53
746
700
535
718
815
190
193
80
737
402
653
699
553
3
618
514
940
232
808
920
707
731
922
581
892
948
335
322
881
502
907
941
596
963
947
641
179
819
821
480
248
384
409
474
520
109
431
617
529
744
94
252
60
111
741
66
276
253
284
736
717
348
774
293
547
377
837
138
359
789
911
580
653
811
867
931
833
131
717
73
946
14
772
788
461
662
121
937
413
980
628
633
23
167
610
139
417
247
487
472
67
175
80
350
664
672
275
786
158
653
887
907
58
452
719
753
842
532
918
42
675
999
54
34
448
910
895
543
420
562
548
317
760
616
590
697
369
299
606
138
475
741
340
365
71
906
266
722
901
299
668
356
719
572
105
964
258
641
385
320
475
438
414
170
281
118
153
951
568
632
173
867
3
454
777
822
781
949
369
440
903
273
163
321
922
193
697
654
686
131
51
54
780
598
173
579
548
957
563
154
61
588
302
361
941
472
777
373
315
880
1000
262
73
203
668
993
822
363
867
71
662
72
757
577
252
453
801
554
696
243
587
637
273
568
688
296
50
865
514
440
673
738
346
478
614
713
57
382
342
489
502
288
848
999
549
499
952
1
382
257
913
596
595
663
481
956
186
837
846
840
814
234
396
446
328
696
280
108
348
115
93
109
875
263
446
240
181
558
697
782
179
787
900
882
4
514
566
294
655
165
350
587
197
925
920
1000
606
737
711
125
170
322
9
349
928
486
192
458
56
609
795
490
580
137
17
880
570
301
521
182
945
533
604
107
154
509
640
819
767
990
992
318
971
591
307
48
399
977
171
146
384
668
667
876
9
491
443
905
416
622
582
647
873
654
16
31
883
948
866
597
168
995
714
791
282
415
196
605
523
612
728
495
389
243
349
553
229
368
588
870
597
37
888
584
854
986
8
819
150
13
134
209
278
249
760
77
501
422
747
61
861
463
378
715
3
641
218
181
631
1000
586
834
209
708
772
356
29
302
158
892
530
804
619
989
939
500
393
91
832
128
483
79
309
680
975
187
507
793
724
486
299
776
905
56
488
301
47
368
68
80
361
539
437
39
113
972
869
696
570
970
939
666
962
818
902
174
131
45
813
233
687
429
907
51
78
949
973
306
891
811
959
46
423
870
377
341
949
527
623
624
917
625
992
303
395
260
941
397
15
569
554
0
476
232
569
71
385
853
553
717
363
851
274
685
559
36
50
335
597
903
678
477
318
329
174
161
352
934
506
96
760
369
226
323
53
652
312
933
924
757
7
989
527
291
115
763
767
729
371
54
135
587
898
884
31
279
232
362
548
18
622
306
557
950
904
697
388
950
674
731
557
650
841
890
400
639
940
458
867
325
740
7
937
878
678
131
300
991
982
195
360
980
355
978
642
834
512
913
290
424
712
955
98
461
146
230
391
548
337
689
693
307
253
601
701
447
983
21
831
66
235
388
787
717
215
162
50
985
86
371
381
110
688
191
756
942
675
865
613
677
948
60
978
657
79
23
422
240
719
69
571
686
444
838
508
267
114
17
555
104
869
822
201
583
815
638
645
873
79
855
782
936
782
991
387
661
271
982
76
333
617
116
306
731
239
246
459
857
131
494
675
800
331
774
300
206
443
55
444
129
445
982
260
145
771
373
917
144
578
738
798
829
826
292
680
890
991
583
652
650
522
566
414
905
209
503
413
726
98
265
50
163
402
552
696
844
101
147
530
742
229
280
227
114
62
829
810
59
711
429
408
671
512
719
32
784
741
101
935
134
434
313
50
863
227
916
432
321
288
448
629
552
440
841
20
976
622
222
950
166
682
859
742
212
72
33
628
147
963
623
278
770
328
960
256
536
612
956
352
671
869
50
692
779
558
142
779
590
212
404
256
497
433
584
403
691
450
366
424
331
868
574
853
232
324
550
402
42
23
773
711
978
496
475
173
921
924
38
459
772
247
34
487
606
174
78
246
718
661
725
671
971
107
555
753
662
790
162
550
218
623
380
625
841
794
164
729
994
804
49
528
479
247
144
724
687
476
657
73
789
799
662
249
507
102
59
177
665
794
691
175
137
625
241
79
474
40
119
823
96
75
836
716
784
893
867
62
103
490
854
451
79
1000
609
984
613
597
215
767
782
887
791
109
205
113
974
655
590
928
893
727
672
934
381
168
542
281
324
193
513
552
213
979
446
205
546
456
840
478
596
559
759
306
673
457
785
0
352
2
267
538
261
107
985
624
417
420
308
441
79
304
165
883
790
352
144
885
115
67
384
648
274
189
246
947
900
45
350
852
260
785
442
407
531
65
744
724
269
742
975
810
748
695
350
840
727
407
254
663
9
924
765
298
884
232
868
310
247
18
210
861
948
178
194
8
123
268
271
481
114
924
982
359
963
885
831
952
997
84
599
992
672
988
565
722
807
412
703
331
106
406
419
434
873
781
431
605
807
724
864
790
48
744
365
341
2
514
615
857
107
445
554
588
524
50
617
447
122
511
585
161
918
396
819
78
269
991
117
143
716
735
683
273
359
311
881
619
544
815
248
684
97
442
436
906
343
772
218
389
947
68
631
443
120
123
475
499
334
343
811
146
587
41
17
543
707
491
655
267
932
446
752
266
152
135
401
304
989
805
62
866
585
375
838
850
885
586
471
556
728
382
486
15
581
303
156
519
840
868
821
681
273
179
622
208
518
809
634
135
75
201
94
480
336
329
775
449
351
125
374
721
886
164
734
97
700
551
34
846
535
676
869
746
576
266
90
372
617
614
741
313
583
375
139
790
469
86
907
661
809
302
742
270
471
830
442
842
806
67
993
93
526
367
501
452
362
415
881
660
160
381
638
235
832
999
715
45
834
832
864
223
389
804
36
577
99
51
726
210
939
606
346
503
419
866
735
13
471
431
10
79
768
287
949
385
28
752
773
232
713
438
446
191
534
602
764
33
712
525
193
801
882
350
833
422
742
409
663
986
555
483
186
530
78
944
90
108
41
229
860
740
592
860
0
870
857
768
56
777
421
324
584
748
280
698
885
718
469
941
628
682
915
525
341
587
795
64
772
876
547
174
324
495
662
461
462
435
396
631
453
240
827
472
698
285
901
567
156
143
136
31
744
712
361
249
41
13
1000
155
802
813
636
948
92
982
653
409
110
463
176
612
41
951
619
762
500
851
35
96
59
558
802
685
171
251
688
393
343
77
752
776
559
430
122
209
773
876
971
706
488
384
924
614
616
512
364
475
882
987
526
892
875
443
605
604
807
342
507
868
639
848
340
346
562
359
954
971
558
647
67
223
142
840
883
303
951
855
135
931
861
924
79
318
335
75
447
140
911
797
464
961
389
519
530
572
64
425
500
954
241
771
160
557
59
652
914
162
240
430
691
718
409
756
405
891
846
831
258
158
462
314
457
416
786
605
938
49
400
685
46
387
71
819
672
988
728
88
25
413
997
442
560
84
189
400
20
689
392
526
170
804
937
451
148
911
709
326
451
612
948
113
494
25
663
700
408
376
485
539
906
468
466
756
40
252
542
93
454
790
142
624
203
480
897
456
182
880
305
315
501
278
640
863
510
316
168
847
276
56
428
329
75
315
424
864
113
453
113
823
782
847
710
246
353
226
551
68
574
562
466
984
111
696
326
201
520
660
298
129
575
826
286
774
849
67
197
934
724
909
764
364
978
942
805
306
532
426
210
304
47
434
584
806
858
530
658
831
590
209
936
400
740
671
883
901
18
630
964
958
818
10
190
776
337
275
971
518
913
675
834
943
851
37
95
522
4
418
405
831
24
38
994
62
85
102
340
554
282
480
547
583
836
549
69
274
427
406
126
807
619
545
549
177
134
816
710
607
174
649
161
580
795
922
134
999
623
399
741
854
110
504
886
330
315
94
590
618
389
641
236
917
374
956
329
759
934
881
899
583
840
805
935
627
64
248
120
964
985
585
614
532
527
368
823
516
708
502
12
667
928
755
510
717
246
685
620
247
438
611
356
231
392
623
976
524
198
722
535
394
468
925
60
662
555
486
576
629
706
475
597
674
256
274
107
881
809
532
873
866
298
764
389
439
795
492
492
463
782
719
928
867
437
24
979
253
278
793
177
694
248
433
125
416
611
529
815
643
713
454
351
843
866
695
364
453
55
316
114
411
902
834
81
299
634
238
495
207
359
171
165
14
272
622
15
194
809
465
327
917
338
659
282
388
104
10
329
279
476
711
983
298
331
274
424
34
408
367
475
60
631
633
682
165
317
262
404
910
669
13
782
862
296
312
26
710
569
608
457
533
89
384
351
774
609
392
839
999
282
369
720
964
116
35
892
391
711
462
550
511
194
164
165
738
765
154
483
145
607
922
334
448
224
896
809
365
973
914
114
87
571
940
35
992
771
673
455
202
857
985
852
275
646
587
413
482
94
978
184
645
173
826
896
420
461
270
872
342
188
590
375
782
771
308
892
107
589
148
566
943
436
923
301
315
764
605
81
365
662
203
176
492
51
452
521
595
748
41
521
543
924
159
845
837
733
676
734
950
847
924
366
300
804
897
27
402
484
178
651
415
284
372
129
301
62
93
775
961
828
961
40
949
653
625
349
172
741
648
272
924
799
339
45
84
429
708
370
802
587
431
784
582
561
708
723
535
979
905
701
267
994
190
902
744
948
915
547
983
966
142
753
381
335
235
615
560
867
284
766
714
862
488
97
775
781
650
627
952
177
352
609
736
713
584
290
503
446
281
17
393
289
827
863
691
870
683
845
672
935
411
979
805
590
754
938
891
345
802
862
598
673
764
77
597
972
994
392
345
172
729
52
197
689
635
208
333
757
577
335
895
407
904
370
449
787
610
985
937
114
76
811
121
776
595
370
847
662
842
198
670
563
872
792
608
515
519
549
20
178
845
867
189
531
342
434
593
749
298
424
973
974
261
107
471
842
168
370
100
366
719
373
406
903
877
268
325
922
788
729
553
221
935
14
444
662
713
604
717
177
254
107
331
976
599
458
994
787
434
20
506
275
714
442
547
367
542
629
696
963
570
528
348
945
886
561
712
803
257
217
996
426
796
568
54
75
687
806
944
210
37
985
133
155
473
573
126
962
95
595
292
476
765
832
799
479
176
562
34
837
958
143
7
227
241
19
597
651
712
847
903
627
414
534
369
734
512
0
715
71
809
261
618
249
852
119
369
161
679
241
725
469
787
419
19
647
111
872
49
869
955
659
861
318
780
322
536
940
982
705
697
555
52
73
516
344
400
475
227
290
914
472
533
788
469
93
141
266
46
37
23
719
52
801
677
374
452
910
565
498
912
626
981
199
576
79
854
897
414
967
886
150
747
157
312
417
605
777
71
503
111
969
961
669
718
477
407
25
170
774
512
548
438
948
749
188
511
233
678
620
258
475
780
282
202
264
369
558
746
232
882
376
547
85
705
775
133
229
506
636
25
424
220
865
827
589
427
664
172
95
431
231
411
81
848
254
202
392
478
236
937
53
514
836
521
829
471
899
178
178
105
945
742
508
206
820
954
176
932
910
549
825
274
747
826
114
963
976
948
187
536
305
631
593
361
514
115
796
162
740
52
919
617
221
142
750
854
141
521
271
231
979
401
887
426
482
628
665
710
331
142
858
504
368
691
378
939
832
48
3
775
618
230
122
41
571
637
992
754
230
898
388
500
298
530
432
18
121
873
320
985
239
448
81
212
62
719
276
954
732
857
9
59
852
451
466
804
194
206
803
739
206
10
66
190
499
955
880
517
759
554
310
281
808
68
241
58
143
8
111
748
387
510
781
388
332
282
586
563
68
83
213
115
401
921
690
533
728
932
994
362
585
60
362
542
706
967
391
445
455
192
804
140
871
219
620
722
128
843
656
633
819
108
826
989
448
346
533
615
380
74
0
425
490
647
421
702
261
547
718
759
219
571
665
51
864
542
1
311
578
978
836
350
582
471
902
127
440
891
829
398
61
616
12
799
378
407
169
11
134
862
583
211
318
857
174
443
105
734
651
364
76
545
510
320
890
373
628
204
954
899
96
980
997
467
466
450
615
181
405
284
890
621
555
414
715
977
257
398
996
167
657
290
324
993
671
107
117
248
512
676
214
837
176
241
170
160
80
452
915
334
417
735
314
509
589
480
460
619
142
750
371
142
587
24
453
526
500
656
676
958
267
753
440
298
863
621
759
636
871
151
277
753
911
523
899
546
760
34
709
973
612
7
168
286
675
761
40
406
141
859
75
105
311
804
201
196
847
976
571
350
242
558
413
619
856
687
898
211
779
778
457
667
338
922
930
248
974
50
767
447
468
132
738
354
350
276
181
694
187
629
463
919
356
580
609
817
892
859
703
102
958
371
155
275
314
946
138
115
634
965
948
517
438
574
498
280
497
686
963
395
373
542
894
919
230
781
393
71
715
798
20
929
242
756
257
748
72
951
273
619
263
880
619
107
193
98
907
197
975
186
660
886
740
835
427
68
322
960
179
729
815
333
798
866
599
573
840
228
247
348
408
517
974
348
244
789
540
649
170
281
553
6
280
89
375
8
513
814
861
462
797
107
718
76
548
790
366
416
240
894
307
258
561
166
40
339
783
434
827
705
269
843
467
70
986
602
179
495
414
489
371
687
594
741
981
832
234
502
515
128
945
741
634
946
387
6
156
162
235
267
659
707
715
907
584
839
779
271
23
706
734
558
941
795
593
331
434
38
11
75
226
935
339
432
164
850
903
963
640
199
57
889
891
51
131
782
22
847
862
421
359
789
9
333
534
473
347
375
112
897
137
668
288
841
769
405
398
747
611
504
709
164
761
763
191
906
114
280
528
902
495
881
699
700
236
129
773
431
411
249
21
107
543
191
316
941
84
247
718
540
948
667
161
843
490
555
62
351
480
672
43
974
497
430
199
5
286
941
197
276
915
659
520
878
491
363
510
230
918
430
227
82
207
620
190
595
856
607
582
490
169
411
42
1
76
939
693
404
859
653
281
91
269
147
758
540
555
866
803
705
341
817
819
926
206
164
524
176
935
557
588
552
404
778
506
493
956
680
243
399
345
669
5
138
259
248
380
277
751
151
170
80
540
111
403
408
602
358
24
421
697
64
735
758
581
479
993
13
380
429
415
589
776
171
407
958
542
45
317
251
42
235
416
520
618
22
570
118
485
212
513
211
336
586
370
923
331
226
333
524
90
797
642
702
114
451
57
273
818
271
803
937
373
560
614
218
446
747
720
350
62
81
153
151
381
551
994
181
512
846
777
361
149
420
932
208
57
221
308
694
62
884
125
496
116
454
39
86
708
480
425
781
175
143
43
210
996
940
171
768
130
240
698
564
778
821
546
738
634
355
902
114
773
688
677
980
645
441
645
298
264
792
368
799
133
728
476
973
989
906
340
648
702
887
109
440
658
561
271
233
436
632
712
590
545
574
246
649
177
751
355
317
130
437
603
137
129
431
888
146
75
26
41
670
966
474
603
493
918
508
946
371
372
862
331
719
321
348
736
783
22
834
261
331
437
431
859
202
499
963
198
737
612
676
702
862
37
193
981
294
795
227
929
466
109
74
569
656
417
330
579
584
346
941
650
793
659
389
4
137
653
894
941
32
962
674
441
144
869
100
377
72
684
182
684
852
825
785
914
197
913
123
227
812
83
858
934
785
41
487
621
32
624
476
546
484
722
509
470
601
493
290
505
45
776
157
545
811
551
86
922
577
693
200
298
29
9
828
996
677
982
979
430
100
614
228
687
724
723
686
565
712
867
950
30
777
212
101
500
741
154
32
454
657
311
959
306
917
536
500
869
286
305
846
430
817
275
230
189
81
785
627
929
417
264
590
315
87
103
458
567
17
739
26
237
699
547
442
50
210
326
687
47
771
993
563
870
559
767
114
689
46
274
581
167
545
655
677
365
218
782
952
624
944
305
963
287
871
144
522
950
204
740
173
136
332
371
148
522
994
943
604
40
264
851
451
769
508
849
188
704
393
558
100
136
526
57
66
628
895
307
478
676
832
216
276
447
104
447
81
88
640
272
307
261
314
778
633
778
977
562
489
528
862
768
426
502
275
431
189
495
646
928
141
690
425
729
238
610
387
496
642
311
423
539
694
956
215
441
375
526
473
620
765
690
506
19
497
410
575
237
750
349
228
983
195
945
440
746
663
918
264
295
907
905
818
715
608
316
171
885
717
510
214
447
355
334
855
617
126
106
858
216
820
504
645
154
916
444
27
918
502
686
246
875
215
543
708
353
833
966
798
172
162
201
819
143
22
657
169
587
466
888
998
551
125
377
709
930
566
217
299
482
479
557
580
652
516
938
522
937
262
294
610
954
318
684
100
248
263
450
399
966
58
821
593
661
631
535
65
416
146
911
762
408
354
30
671
1000
896
986
350
888
185
859
100
345
331
51
844
153
565
892
428
264
212
296
128
608
971
236
621
329
964
644
787
80
84
208
900
616
508
37
410
350
299
487
197
464
397
448
417
622
769
684
584
716
891
915
433
193
616
720
737
198
867
248
155
239
430
192
406
429
797
841
602
705
214
483
625
184
342
679
655
85
768
370
342
95
6
896
133
677
581
996
511
71
895
43
798
97
638
701
52
565
170
796
812
924
95
471
343
810
368
403
397
51
464
548
648
248
21
199
42
113
574
539
824
711
585
212
336
424
422
172
495
394
12
99
121
301
359
145
988
533
141
409
711
944
561
776
719
640
773
991
520
249
491
308
835
781
57
384
312
335
266
223
337
84
134
477
841
326
428
678
301
431
590
659
812
295
764
959
525
375
881
945
997
878
698
385
408
653
51
319
756
906
772
998
788
836
993
474
402
664
798
694
933
202
115
740
151
92
797
968
775
656
646
695
131
638
884
819
95
919
626
619
765
543
473
95
907
6
169
904
552
868
489
279
274
943
179
569
827
148
768
375
605
86
395
455
147
759
639
979
65
397
731
74
440
768
548
84
119
774
420
18
89
583
332
438
136
850
683
559
246
843
914
281
169
134
34
37
443
781
798
421
727
55
551
34
13
232
182
538
383
213
95
838
523
848
650
785
553
861
961
244
107
131
50
566
580
306
325
106
137
215
608
386
335
123
765
799
517
215
604
331
533
124
609
977
26
989
799
896
508
131
393
215
316
172
781
851
161
574
216
188
681
974
232
14
858
701
345
918
341
214
290
409
874
459
514
279
192
999
672
334
59
827
127
156
911
204
798
485
938
359
906
787
132
311
999
767
136
728
196
445
154
583
870
424
360
298
90
722
757
498
915
530
458
979
915
953
172
539
111
981
279
227
778
353
605
192
592
125
558
561
766
75
170
296
903
773
992
30
313
933
700
409
796
735
383
125
19
389
539
521
653
863
455
837
335
800
186
710
29
36
147
764
417
230
87
995
675
917
545
459
436
641
168
876
587
285
301
630
3
471
21
601
494
613
269
19
344
276
373
753
710
858
713
265
94
346
141
579
190
95
207
534
665
225
872
289
692
324
860
785
371
11
812
316
117
761
267
743
4
986
762
988
234
804
292
871
247
75
640
776
977
915
759
235
990
541
226
912
508
618
442
201
412
962
740
987
327
483
214
314
959
66
163
159
253
908
106
879
477
567
789
599
257
261
232
364
668
881
948
121
466
558
195
820
776
319
553
207
311
26
883
58
204
138
473
409
692
727
648
371
115
427
294
790
742
864
423
725
649
700
277
1
629
299
263
653
635
658
535
792
951
308
268
169
146
730
743
674
497
702
489
908
446
748
316
420
143
976
971
843
468
589
981
2
970
332
357
263
849
543
706
992
271
262
696
779
69
500
732
736
484
42
175
301
144
259
791
918
528
93
861
364
772
517
539
308
148
549
753
373
430
938
561
617
764
615
742
987
235
599
959
375
766
687
267
324
126
375
519
494
903
653
994
740
460
529
548
483
317
291
533
486
853
258
87
300
250
212
791
280
124
63
664
646
293
493
495
542
8
548
581
253
349
854
286
381
869
728
805
87
671
190
737
337
315
80
274
73
165
353
558
213
599
424
380
231
547
876
900
361
472
52
615
713
254
653
993
883
884
1000
968
883
415
788
47
427
980
324
58
720
373
325
936
87
742
199
967
729
782
735
239
732
703
423
429
93
650
292
311
33
621
447
213
599
617
778
466
231
600
885
203
789
4
592
213
472
734
769
619
318
953
613
814
605
554
590
729
475
106
484
721
267
184
227
488
567
419
253
609
865
880
582
746
463
414
262
492
16
9
293
297
857
362
560
760
938
952
830
405
483
981
969
774
993
598
103
320
630
143
346
481
708
163
384
767
182
99
48
351
751
367
886
519
361
925
617
41
318
631
50
382
737
868
539
642
280
907
303
489
833
941
580
716
214
912
987
800
536
985
135
34
456
906
476
314
609
349
60
846
966
66
98
461
630
398
33
608
928
543
140
918
418
618
916
987
609
561
520
565
555
273
814
604
933
193
661
253
104
9
959
158
226
879
658
777
914
936
397
758
441
625
892
422
920
939
377
486
8
376
884
354
519
223
162
556
386
645
568
948
793
750
195
125
88
98
442
105
330
571
650
537
338
320
507
138
21
814
534
573
496
190
965
148
131
530
528
362
50
884
401
141
720
122
192
540
418
982
214
120
450
539
187
540
388
417
554
273
987
235
282
795
816
619
720
820
125
38
931
37
577
899
60
837
890
219
903
460
310
796
813
689
60
431
811
577
282
338
371
736
688
921
46
457
60
608
831
28
755
531
461
285
983
591
534
664
335
969
376
463
534
392
437
386
970
334
938
368
495
967
176
753
228
421
798
902
88
536
734
936
757
428
217
274
57
48
386
713
815
588
11
1
914
829
388
27
675
220
718
254
865
210
22
670
82
524
519
480
458
428
395
301
248
502
203
804
958
492
286
72
174
61
107
662
428
698
337
878
736
578
526
483
750
442
349
347
266
221
583
137
929
956
875
606
330
491
692
816
131
965
491
744
868
783
494
414
15
611
447
446
795
31
855
615
378
393
260
335
523
309
263
764
551
355
393
444
2
795
438
738
312
75
672
201
897
353
765
547
250
168
869
803
501
914
988
705
987
863
628
982
81
449
99
468
44
180
796
304
751
121
620
0
151
357
655
310
502
40
104
587
445
575
776
331
641
72
713
673
158
888
852
314
609
636
489
961
112
366
282
108
756
620
176
862
961
285
445
708
233
195
800
524
501
100
251
539
829
843
716
100
800
578
755
902
673
305
176
273
226
209
930
995
865
353
534
954
539
47
448
65
990
945
374
423
496
517
978
472
152
745
745
473
61
524
264
559
783
905
847
990
470
882
630
301
321
703
231
908
322
674
605
197
195
424
390
131
323
167
649
221
667
123
717
359
582
608
110
627
377
287
905
468
224
218
148
783
901
87
115
128
686
332
496
417
236
912
986
544
868
658
284
820
393
815
497
507
802
625
955
824
973
664
359
292
994
396
652
242
481
824
512
976
673
130
640
217
333
443
281
692
53
939
696
787
290
77
808
436
677
574
618
115
940
194
39
145
946
922
333
668
969
77
44
127
346
775
427
251
714
159
626
831
265
330
403
347
193
517
13
29
221
885
301
752
869
983
289
435
395
374
849
729
803
828
678
15
374
903
926
700
393
776
640
890
745
92
824
661
469
932
291
370
788
352
397
943
64
404
899
637
716
790
174
216
43
481
272
760
863
835
701
222
398
218
584
679
488
814
636
491
127
730
263
473
962
684
419
241
584
262
759
638
950
72
275
629
789
296
889
263
263
503
393
76
47
544
362
543
910
454
160
515
969
649
304
293
600
711
576
269
555
449
884
629
763
600
842
573
278
885
83
731
909
473
663
626
875
272
536
713
992
793
972
873
927
497
213
992
42
669
630
108
542
799
930
51
239
457
304
820
515
787
981
968
705
100
370
885
714
427
702
41
719
228
124
513
369
663
975
214
942
102
156
543
297
45
201
848
715
699
688
814
685
573
253
877
296
439
470
424
77
410
549
919
875
315
516
212
245
694
579
105
643
303
358
599
519
272
783
825
558
642
252
295
957
473
507
195
779
92
10
293
638
167
178
953
1
191
480
455
444
911
490
830
27
461
266
255
224
775
777
401
407
745
885
886
223
189
237
102
908
866
231
649
327
856
956
831
33
562
239
599
871
356
517
343
178
283
863
909
380
946
699
247
147
884
918
717
309
452
643
443
24
308
914
475
6
651
272
891
725
748
128
424
674
546
283
151
425
676
345
81
586
477
359
36
704
802
230
26
385
835
418
428
785
987
699
174
935
616
144
690
671
970
360
706
959
970
969
59
781
177
512
362
260
279
590
856
434
267
63
198
179
0
368
270
555
828
366
312
11
508
709
712
495
255
611
96
23
659
41
598
64
87
498
795
640
879
778
824
541
355
243
739
904
607
939
217
991
150
7
205
950
799
435
115
858
862
432
598
829
298
4
434
695
229
906
765
748
724
142
914
987
398
2
509
321
935
901
553
217
120
104
12
59
278
281
412
432
957
23
39
46
563
659
320
621
430
78
498
5
300
771
176
159
524
635
512
700
147
973
816
277
151
178
466
107
126
368
85
228
146
831
262
755
462
184
730
990
705
498
763
512
888
170
924
493
59
289
840
79
293
518
85
23
746
972
220
532
662
516
487
8
253
928
367
55
801
314
84
149
61
97
181
986
108
539
255
663
914
958
239
869
257
959
670
265
138
467
784
129
829
105
816
399
125
497
783
908
940
646
183
493
769
719
943
910
850
952
646
591
905
27
364
434
142
573
713
743
506
344
916
519
937
813
646
544
591
651
757
251
727
182
359
662
583
72
354
31
309
565
863
527
379
685
307
199
133
283
916
350
448
905
731
0
121
293
54
751
127
745
154
878
816
286
54
22
372
280
18
753
925
906
831
702
69
991
924
410
502
547
413
245
586
417
662
251
604
524
75
12
587
873
450
339
684
16
1000
352
101
288
724
410
881
674
223
242
425
176
80
107
196
757
613
78
109
775
113
272
140
636
360
416
155
495
952
329
394
662
363
232
969
667
338
201
393
577
53
822
917
561
953
245
521
760
763
399
558
728
953
843
744
963
134
863
947
824
429
52
618
62
486
217
278
363
610
941
446
5
34
905
256
41
547
186
20
983
284
749
324
585
532
510
925
325
689
859
424
689
319
909
68
839
412
323
112
457
981
888
488
164
230
554
368
765
454
477
83
772
103
653
727
583
192
48
336
251
462
46
190
901
333
596
688
510
998
647
757
903
735
558
730
277
975
761
37
631
865
686
457
276
463
10
708
256
335
967
574
600
684
295
74
821
923
994
496
277
828
462
282
833
296
842
418
712
872
507
445
473
940
822
557
939
172
350
729
367
516
754
170
155
631
939
209
370
559
705
575
100
641
29
577
991
901
266
939
440
328
966
370
402
662
143
530
300
438
508
816
301
907
668
871
922
293
464
129
723
934
932
253
501
927
28
68
501
299
305
219
529
556
535
723
260
186
838
334
553
830
225
891
406
738
543
711
463
990
198
319
833
153
301
294
355
645
145
804
189
459
855
390
335
568
494
562
785
572
959
524
589
440
348
630
407
296
343
371
673
808
729
854
900
336
682
218
260
528
564
356
340
303
305
118
396
475
342
402
706
342
750
725
662
275
86
349
359
720
100
114
112
375
98
63
466
291
545
815
921
901
337
213
254
384
496
297
303
371
421
216
323
628
993
769
257
378
27
597
473
512
55
168
747
361
152
698
934
540
691
378
643
486
626
877
665
49
147
387
601
245
798
87
508
358
586
585
224
614
31
605
629
840
101
189
41
71
370
403
443
9
480
290
945
530
623
280
926
131
448
227
6
347
167
350
931
871
707
191
605
412
11
812
153
51
816
526
866
177
376
751
686
680
811
191
46
150
378
259
199
302
82
709
201
1000
456
654
740
830
518
472
875
315
279
25
846
669
394
816
845
802
917
14
272
954
225
124
285
849
976
383
869
400
219
369
781
108
412
798
629
523
800
647
850
804
278
165
754
620
950
415
747
55
211
237
441
72
635
945
635
294
176
62
996
254
348
700
395
395
12
84
414
555
863
261
201
393
45
399
407
494
774
697
607
918
191
763
752
677
534
936
566
687
705
173
210
105
729
182
189
713
828
701
155
160
47
886
984
265
126
592
65
342
952
777
588
270
547
274
52
754
911
314
319
271
355
585
112
730
868
757
507
319
201
8
697
941
941
731
269
531
499
177
548
551
124
933
138
858
735
732
617
926
277
807
739
971
932
116
725
490
532
153
200
342
851
688
525
532
61
634
588
571
327
664
504
207
458
241
272
202
105
246
39
777
226
299
121
855
603
184
70
375
533
976
691
203
834
47
58
659
375
213
2
588
966
237
487
469
227
849
363
486
495
470
548
461
976
375
434
746
302
283
186
41
136
571
600
330
667
126
473
304
205
887
479
262
534
233
13
747
394
277
577
525
115
162
807
639
794
170
760
142
658
251
76
936
94
542
16
475
298
63
616
72
123
762
591
798
939
319
594
527
660
105
609
857
926
643
378
339
934
896
588
358
789
765
796
782
396
142
777
773
318
819
502
424
934
925
188
102
589
313
54
730
76
664
645
870
183
692
716
426
445
101
238
261
533
774
669
870
58
311
721
633
491
567
484
152
775
402
94
840
703
351
738
314
864
262
30
764
518
984
366
998
379
988
478
128
852
966
515
569
704
148
735
588
458
314
862
226
383
486
506
493
20
353
216
522
418
228
478
217
107
847
589
486
361
619
466
536
739
567
51
748
265
245
782
420
371
500
660
762
35
981
838
221
70
203
203
225
778
400
603
869
934
18
625
679
385
644
651
849
721
203
972
678
726
933
834
178
422
852
974
465
804
948
907
155
282
627
389
856
883
476
956
403
519
674
551
434
733
200
644
444
229
124
681
6
877
927
461
955
288
123
875
34
180
382
160
93
751
403
785
782
483
601
898
558
572
320
566
809
132
573
147
600
193
652
282
566
19
300
47
90
514
394
80
338
622
703
521
394
780
242
373
442
3
561
30
903
658
237
767
144
958
563
689
385
199
284
935
539
947
578
179
895
941
196
810
879
332
943
975
722
787
560
987
824
737
487
336
796
48
480
585
184
394
911
762
100
199
147
135
568
940
433
343
323
296
690
991
24
636
775
478
491
49
527
968
379
87
108
878
24
41
285
699
427
528
954
192
596
458
552
653
2
308
721
870
307
338
539
949
978
25
718
139
888
424
184
498
913
993
6
315
149
907
357
999
561
827
898
163
111
671
655
293
827
968
52
956
160
271
584
680
971
177
528
582
265
635
184
74
393
979
816
831
3
257
22
941
990
707
279
780
812
525
568
287
872
565
459
522
897
874
13
260
590
360
868
65
768
582
284
539
528
139
765
186
464
293
310
497
903
179
853
81
126
254
758
545
742
672
421
981
373
185
884
990
167
779
489
370
304
717
5
204
974
773
556
558
873
338
90
265
733
37
374
851
516
225
505
690
904
468
353
701
562
116
230
802
127
425
961
327
593
59
924
206
346
78
107
577
250
64
866
711
540
340
4
860
386
369
150
624
410
38
529
679
115
517
306
78
432
317
908
550
762
768
810
596
447
850
777
326
987
349
34
640
115
156
733
4
509
38
983
357
277
732
276
231
304
786
125
310
818
165
734
81
743
546
436
573
638
952
934
402
730
168
134
166
881
161
271
887
539
223
619
658
66
756
298
504
681
48
778
485
849
527
287
964
27
37
473
798
448
466
640
878
637
261
411
92
365
152
963
346
31
537
332
871
985
33
953
366
486
164
950
543
163
394
242
356
105
857
447
308
739
254
231
222
598
764
51
142
454
80
173
416
609
102
855
983
442
177
123
452
582
564
752
60
519
784
332
246
639
423
736
57
946
140
278
442
49
439
885
897
743
215
267
928
756
977
514
962
133
113
397
998
315
807
637
428
639
247
137
653
778
799
853
313
263
787
872
299
353
741
156
122
740
981
21
764
235
389
460
276
352
248
175
972
619
586
601
848
816
155
357
126
750
570
535
32
684
265
373
313
426
596
817
900
200
989
249
328
121
557
280
830
362
94
360
908
793
63
599
449
93
843
846
559
185
950
615
381
19
823
686
683
522
357
887
316
522
66
258
529
69
599
300
140
949
680
849
352
594
258
524
514
351
431
644
709
726
851
114
414
926
393
376
887
219
103
555
398
232
175
809
408
533
742
568
483
936
559
474
775
707
488
460
846
508
911
368
465
630
290
179
749
807
385
266
732
332
996
615
566
740
148
242
74
550
163
647
207
534
939
891
129
422
667
968
748
218
751
204
747
904
81
133
696
764
362
814
800
794
322
823
652
439
833
701
122
645
862
17
866
530
749
439
141
682
609
86
84
120
586
733
927
67
430
535
927
547
805
831
908
450
237
209
804
335
709
92
364
757
816
70
780
648
273
459
617
659
516
152
544
817
220
586
468
739
60
303
851
279
158
362
224
418
728
82
966
255
608
568
317
667
399
95
513
16
208
782
194
651
302
321
892
159
259
441
374
967
554
157
548
224
898
465
198
221
511
825
261
448
653
284
858
634
613
92
167
702
497
20
202
266
559
816
10
356
283
882
398
755
149
996
705
173
19
158
230
845
52
253
63
554
663
347
17
458
635
193
316
241
754
730
969
118
670
478
577
825
799
753
793
845
950
162
810
771
110
585
625
206
919
425
474
489
189
374
19
535
444
909
382
564
544
954
419
957
348
329
504
707
775
512
807
685
129
83
988
303
284
102
107
753
282
728
572
977
398
697
176
701
713
785
918
424
699
932
259
730
153
339
849
118
124
546
376
697
710
398
411
212
80
537
711
129
321
418
609
107
615
814
960
536
948
807
689
416
352
539
391
671
501
695
964
398
940
971
705
244
170
167
35
418
319
287
322
781
731
537
88
599
655
401
319
210
733
596
486
66
331
124
848
432
436
595
883
776
606
4
759
794
313
364
863
802
534
468
950
869
471
574
914
21
38
830
522
542
929
103
743
343
493
724
153
246
770
743
621
749
722
216
236
126
971
128
538
432
111
943
415
680
637
517
853
261
818
471
193
485
400
625
628
627
864
41
577
91
166
892
621
721
385
443
179
58
254
600
872
610
220
493
931
267
169
839
791
517
701
610
920
725
172
26
343
905
670
511
128
491
595
619
113
658
400
12
299
794
126
392
120
935
74
651
830
741
680
971
475
414
682
649
559
357
964
573
364
124
718
18
932
961
78
899
485
865
174
152
818
809
752
149
545
204
762
47
471
521
893
511
938
939
682
967
946
737
160
147
810
351
148
506
879
504
926
421
519
592
605
878
649
400
711
96
8
917
795
398
280
726
729
728
559
809
69
764
360
150
956
642
852
225
629
372
438
125
592
318
679
927
761
89
72
973
675
356
487
930
295
782
501
225
752
0
76
263
258
334
693
784
227
838
434
616
192
622
315
349
904
528
136
709
592
859
126
642
957
443
166
702
109
455
607
3
103
497
958
683
1000
552
321
423
201
193
377
632
933
679
849
686
902
108
718
929
269
624
754
748
452
482
974
297
135
882
910
48
215
468
963
763
551
209
830
430
499
830
848
643
286
48
203
357
404
256
672
826
311
306
651
871
297
152
309
522
565
228
7
738
943
820
711
704
721
559
783
620
156
997
538
995
382
3
652
570
728
556
608
496
911
11
362
282
643
363
270
828
95
112
526
955
663
101
991
451
231
640
211
190
511
170
909
766
237
321
717
732
677
162
882
857
251
694
927
748
428
186
575
782
584
634
915
767
123
556
564
861
262
636
427
152
601
252
766
623
168
549
261
678
331
396
481
491
285
388
983
368
565
836
552
475
322
820
728
369
738
906
976
74
875
136
868
672
501
936
903
478
630
629
362
851
729
984
934
365
231
547
812
637
481
14
385
508
156
398
564
911
679
355
987
719
573
628
569
430
570
223
428
457
116
194
931
662
863
676
349
356
874
84
243
11
644
99
976
964
500
544
918
341
195
572
262
914
674
37
769
156
836
303
947
401
180
831
342
693
376
947
748
64
7
788
845
668
567
719
273
555
573
879
265
330
52
997
122
118
451
777
872
304
299
846
161
110
49
163
67
381
613
153
323
201
85
702
526
395
67
950
270
626
332
467
612
68
515
800
862
575
371
713
716
64
916
426
959
174
995
652
731
676
972
954
807
736
194
626
547
375
73
48
589
435
958
987
176
370
542
404
356
554
537
484
321
548
847
140
243
858
945
247
38
991
896
964
706
545
268
311
532
944
699
663
124
930
596
755
350
739
62
670
503
617
962
4
326
970
986
389
762
321
776
446
295
30
822
845
131
827
713
391
463
758
403
517
266
679
629
199
938
590
270
752
388
600
882
218
557
656
805
133
857
605
751
262
299
521
169
333
544
567
849
239
178
268
537
608
823
134
87
148
850
529
948
935
652
771
469
871
857
172
508
117
708
698
739
665
636
395
268
934
720
243
292
391
431
382
346
298
77
785
678
397
53
433
748
18
370
178
848
56
249
601
134
808
891
549
515
63
793
4
899
941
35
872
485
181
277
857
799
486
530
964
907
736
937
472
409
4
269
540
51
287
63
646
226
67
688
275
249
546
938
408
105
528
661
275
411
686
763
608
498
927
714
201
368
775
954
785
145
320
760
950
323
605
520
985
202
55
974
489
381
445
612
823
349
829
936
98
72
446
173
394
350
944
685
104
165
690
977
266
751
525
547
890
548
265
499
718
232
738
871
786
242
816
663
432
148
777
798
903
213
474
57
749
413
908
116
811
535
797
992
130
322
729
431
844
998
382
160
323
53
62
795
647
550
154
52
442
946
61
277
151
437
281
606
32
269
971
88
762
575
892
204
614
180
282
645
320
871
721
510
374
946
40
605
791
537
444
789
43
10
714
893
265
515
316
810
875
278
130
272
75
821
531
673
331
449
263
321
748
661
316
836
671
44
154
245
879
237
49
914
936
815
13
898
80
998
350
956
78
256
539
719
346
619
557
503
580
315
509
306
568
353
432
430
389
766
767
848
358
874
512
272
139
992
165
840
438
250
38
203
221
372
348
830
9
920
211
288
124
425
915
461
244
78
182
54
306
890
956
321
29
898
654
781
516
385
275
1
157
8
40
187
640
440
132
159
269
524
275
859
925
468
270
326
178
143
667
433
620
574
885
331
584
57
145
288
421
684
792
702
515
486
599
794
369
911
92
463
81
384
520
578
191
284
517
536
99
686
799
453
395
276
103
603
891
356
605
888
131
471
464
308
651
904
254
562
125
907
995
353
601
77
453
419
134
805
567
55
53
306
431
738
590
104
531
231
739
132
207
959
564
547
767
60
554
781
495
321
885
851
65
545
212
214
837
433
471
737
50
712
473
169
944
894
193
78
943
995
165
974
969
886
647
38
828
233
842
538
884
943
340
660
923
916
395
824
491
125
188
1
436
42
407
167
661
981
59
248
818
159
856
69
64
172
800
654
765
561
430
860
7
788
156
306
192
915
119
648
619
537
92
629
58
938
40
426
981
595
570
114
826
485
844
698
154
217
303
65
974
413
131
790
5
234
386
341
651
551
363
231
138
608
144
345
344
528
634
385
384
971
765
9
838
510
97
784
921
469
14
544
93
84
392
691
376
868
434
925
23
589
699
505
225
77
35
466
347
731
543
226
365
786
5
867
750
9
299
459
717
903
124
101
773
257
271
943
432
341
152
978
610
917
892
243
432
362
284
24
387
73
877
359
411
88
539
299
243
469
425
513
424
494
309
605
270
538
282
252
878
432
360
965
616
856
531
893
345
235
670
10
26
990
622
897
867
818
266
695
648
611
688
38
764
926
323
619
476
552
102
297
287
403
444
863
251
804
631
843
441
900
133
551
901
806
761
987
690
166
802
242
