232
379
985
384
129
197
721
44
87
140
253
830
518
214
410
657
31
470
499
464
399
506
586
196
918
850
412
91
496
239
777
20
717
273
532
417
485
923
933
388
743
116
678
264
99
833
64
395
635
849
386
110
676
59
346
240
707
88
509
925
665
529
923
212
595
827
145
621
65
552
968
38
500
718
198
151
968
880
592
467
746
598
902
455
292
570
365
875
899
436
138
162
782
615
99
544
706
321
718
365
972
659
863
506
515
638
202
316
153
364
541
291
522
672
73
827
924
877
519
934
718
558
225
352
249
929
12
302
351
225
273
34
433
260
385
305
854
722
912
426
179
673
405
119
170
954
679
872
998
26
206
996
784
164
307
119
13
815
782
389
350
856
174
582
446
926
237
142
419
577
456
416
427
82
602
71
295
734
97
34
87
679
109
782
533
539
368
157
827
958
517
499
725
152
618
64
194
17
934
143
348
395
674
587
123
761
306
359
333
988
374
3
661
855
510
215
62
896
632
33
904
988
889
777
827
836
593
176
182
345
993
441
452
123
85
205
619
229
509
830
484
809
158
390
124
111
594
738
463
663
129
736
450
526
742
92
732
950
482
577
403
836
369
466
230
52
202
50
456
114
110
216
742
4
725
615
626
928
23
670
372
849
442
540
95
991
766
773
614
514
838
722
582
205
513
234
331
538
393
761
532
662
200
6
296
627
303
930
81
761
328
949
928
412
229
647
303
81
560
429
1000
762
378
826
964
758
870
328
528
309
640
851
980
365
802
916
302
667
866
111
200
496
378
387
981
599
867
940
319
210
297
406
627
392
862
941
700
536
958
707
745
364
840
692
619
599
370
689
437
200
501
842
541
519
858
83
275
167
70
510
750
887
277
429
798
119
639
849
844
280
298
280
823
845
516
275
283
909
647
421
250
370
251
988
253
809
516
765
468
255
239
832
830
610
537
849
200
376
508
799
108
812
114
397
86
670
174
798
580
437
942
46
805
931
140
22
624
195
701
270
89
97
473
470
889
685
927
289
947
579
94
129
621
366
885
668
67
327
809
39
855
941
85
879
140
669
823
375
848
76
834
236
742
37
614
809
326
227
303
761
366
990
334
67
532
921
116
938
738
624
356
444
163
160
261
914
398
152
441
745
800
66
102
547
227
84
300
947
180
345
767
203
111
968
52
58
569
805
753
181
844
174
572
654
334
302
903
248
753
512
490
113
576
735
958
84
140
953
767
135
230
334
223
417
178
173
138
780
450
62
711
908
459
599
683
628
294
424
833
958
447
592
703
918
754
944
380
708
577
727
501
889
375
752
864
798
540
191
316
272
696
968
487
853
130
859
857
283
511
650
994
518
546
807
959
524
296
826
222
582
539
400
785
138
844
500
662
487
127
298
403
32
35
889
380
518
967
303
355
384
715
28
636
146
850
704
14
81
847
189
459
593
970
130
786
987
861
435
577
645
592
988
898
110
381
514
40
615
732
671
377
366
108
969
327
665
104
488
863
173
661
241
488
373
590
354
955
380
771
827
439
383
760
643
686
39
752
144
951
726
678
911
666
320
62
33
982
238
522
369
495
375
487
574
177
308
142
662
272
804
23
802
451
759
294
598
700
267
465
861
303
296
412
880
509
457
672
644
91
511
919
669
449
349
139
592
994
754
110
370
734
614
682
467
370
481
586
392
208
559
535
726
604
177
800
149
516
842
35
90
561
812
681
777
318
222
150
651
410
259
970
902
818
202
979
118
14
37
453
735
848
216
324
321
28
1000
5
753
17
755
131
589
309
655
318
11
45
832
218
336
324
875
95
424
240
933
867
0
890
697
98
528
523
207
493
938
774
734
838
431
927
114
435
518
151
76
149
673
726
797
974
805
680
722
354
958
611
446
672
51
259
419
710
679
203
28
291
65
788
499
322
712
165
230
56
406
847
709
316
269
315
534
283
617
22
415
813
213
720
709
711
717
216
193
114
826
790
670
887
958
798
506
159
732
844
322
244
669
928
84
445
354
914
518
844
906
562
700
510
930
474
890
627
994
373
632
140
631
169
480
99
226
531
815
344
625
968
165
568
245
964
226
435
740
692
611
941
205
345
704
131
576
792
272
73
455
331
585
144
676
242
737
608
407
860
21
943
322
408
364
787
317
121
120
395
694
877
947
680
878
457
421
612
10
499
346
561
733
905
880
999
935
205
16
773
15
967
721
621
704
512
326
381
722
495
897
594
105
626
179
116
55
455
282
83
560
28
203
254
646
943
76
61
343
352
393
725
320
946
498
619
162
987
502
754
814
281
643
964
993
913
972
60
488
857
479
598
780
252
900
824
553
683
802
707
59
526
784
520
665
410
962
459
535
485
897
822
684
163
120
587
945
629
522
826
713
175
937
337
753
300
580
559
974
408
639
118
457
567
187
305
163
766
811
906
918
365
361
541
57
694
409
621
978
281
72
933
252
565
853
731
979
704
483
448
291
718
965
194
488
561
67
667
64
644
869
299
69
185
404
103
560
126
186
188
735
497
330
582
243
722
197
448
255
786
388
30
532
356
312
122
539
528
502
586
40
597
96
454
745
376
260
336
929
108
107
197
892
498
434
581
460
102
707
865
133
28
360
129
399
458
919
340
686
532
933
706
434
608
113
803
389
481
976
692
649
427
853
129
795
75
736
186
241
454
205
282
621
574
858
683
856
941
934
153
216
980
534
1
834
910
341
942
373
88
817
168
517
327
575
849
877
426
964
741
307
139
224
385
938
13
606
109
923
157
226
66
869
786
163
659
150
506
295
895
949
556
396
90
450
727
295
980
76
393
452
943
508
446
342
495
748
239
317
923
45
931
941
592
694
104
21
573
932
635
370
665
720
435
12
742
264
970
719
379
42
666
643
180
638
66
558
498
960
979
53
515
17
53
739
910
102
326
140
255
836
370
864
904
363
820
515
678
551
367
858
84
247
999
891
891
656
939
193
521
244
287
100
642
942
429
30
196
23
115
781
417
323
151
512
274
231
1000
59
956
335
906
364
524
389
781
540
167
879
635
328
997
941
809
776
648
642
715
311
163
21
711
277
748
848
16
540
44
638
625
821
302
566
144
308
908
556
615
212
27
143
713
43
738
531
779
618
134
361
279
454
740
987
685
266
354
999
992
720
309
729
912
699
138
372
468
455
628
710
234
775
534
904
690
642
821
559
327
844
87
544
264
981
584
779
685
1
889
294
350
906
517
119
279
15
0
595
478
710
411
913
985
977
641
900
716
595
543
205
870
14
708
0
131
825
641
572
51
908
343
857
341
572
942
646
225
792
385
568
578
960
210
501
464
773
303
415
738
965
812
531
596
942
888
435
502
860
764
804
96
861
396
542
330
435
908
850
510
559
385
616
682
63
977
544
850
899
822
796
682
203
822
239
575
163
397
425
324
248
269
563
345
819
512
10
882
306
241
428
400
549
267
865
493
341
62
496
637
234
878
587
933
177
367
984
173
891
748
164
773
236
194
838
62
974
686
666
388
584
534
234
578
945
905
102
128
679
265
301
35
154
705
495
80
373
873
101
624
732
524
542
273
794
890
666
117
759
594
680
849
133
673
728
50
656
114
355
292
359
748
280
140
805
978
703
907
934
585
62
897
657
650
717
163
772
414
9
24
905
448
479
376
413
232
680
56
368
604
690
479
343
307
935
561
420
136
275
985
439
71
76
230
337
196
756
541
414
56
457
300
240
315
844
331
905
282
418
60
1
8
437
792
895
33
667
197
233
559
107
814
907
858
81
486
630
629
609
137
186
973
452
505
883
729
694
76
819
31
566
265
294
51
565
950
359
82
277
376
516
877
314
475
549
239
246
63
72
232
450
317
49
867
117
444
910
565
923
269
889
417
741
950
692
117
141
717
775
320
867
428
701
737
887
357
814
500
385
499
695
496
523
75
849
401
349
389
333
429
315
293
482
459
0
758
253
75
270
77
645
547
937
591
51
818
141
33
897
9
111
622
931
220
537
505
457
301
210
89
295
574
893
322
311
498
159
889
633
460
359
862
268
299
907
186
994
412
799
304
29
744
713
123
18
740
982
224
708
418
563
221
586
148
844
142
893
629
101
180
946
264
471
459
903
885
183
943
597
253
698
390
313
418
628
892
925
976
426
705
29
161
624
1
799
709
465
110
859
139
363
767
462
123
442
282
96
37
73
291
653
824
910
907
188
791
926
423
333
63
428
343
42
512
7
985
589
142
905
485
651
832
132
749
677
461
133
268
481
529
767
938
396
275
325
844
327
592
297
351
16
217
744
167
401
308
191
92
318
305
42
168
481
267
597
139
636
633
455
439
997
153
646
201
901
574
877
422
322
310
42
742
286
527
205
579
708
913
431
958
524
780
831
165
806
476
81
627
212
781
91
13
118
129
273
569
683
800
214
675
35
972
429
972
158
511
703
783
972
965
771
353
582
309
416
210
27
408
445
428
533
823
307
20
417
235
965
381
469
268
80
451
960
957
125
42
635
477
788
987
541
190
325
223
340
853
708
129
135
375
973
259
709
676
932
824
165
84
18
535
328
801
478
76
540
850
637
741
35
358
958
45
155
504
190
643
129
732
390
646
164
829
731
573
361
800
128
357
375
43
841
921
561
344
69
209
601
494
503
338
531
164
767
781
147
598
714
609
790
636
938
961
395
507
228
568
726
691
411
993
2
608
612
328
926
944
366
155
117
659
525
877
927
574
125
760
663
439
998
720
106
219
40
697
184
141
398
177
303
123
588
330
6
949
719
871
935
723
858
550
42
814
505
931
135
291
586
811
13
680
975
115
465
621
178
990
424
319
275
495
657
422
846
990
636
321
352
67
841
565
487
158
365
915
985
894
864
412
419
550
141
60
902
79
822
851
947
449
410
667
239
409
535
331
539
188
751
49
143
150
987
836
550
102
296
33
616
379
68
525
848
179
551
473
207
375
51
652
545
793
817
254
244
895
979
224
623
657
525
840
991
312
362
255
718
173
386
66
357
179
538
924
973
358
98
703
409
222
55
616
422
67
225
822
906
695
273
984
807
751
139
355
795
633
769
163
385
444
83
108
651
990
941
682
1000
260
909
550
661
400
509
909
728
691
720
722
823
639
242
155
545
583
969
869
851
379
164
4
921
316
273
19
898
581
482
488
388
112
722
885
707
256
727
453
903
151
537
181
584
409
723
839
13
264
159
233
154
590
313
67
827
934
871
884
755
77
573
821
25
506
294
493
522
993
753
997
390
165
462
645
322
218
538
733
443
484
373
690
944
495
622
911
678
4
877
815
758
150
264
903
768
305
631
297
537
157
718
616
853
701
299
828
297
758
547
758
99
238
805
696
206
189
317
418
801
559
910
598
265
729
126
81
688
190
626
484
412
63
179
401
993
881
101
602
883
924
241
68
254
541
425
161
138
451
777
793
194
1000
280
29
349
287
824
934
38
338
755
481
286
568
669
277
991
374
188
47
30
573
305
193
726
300
236
895
331
719
935
883
75
982
730
219
584
710
930
317
772
719
157
844
839
675
20
513
604
667
71
704
398
167
218
728
244
129
370
874
472
351
767
91
766
18
473
620
728
71
625
415
855
44
298
704
121
884
416
25
892
628
663
474
570
377
990
589
318
997
916
479
552
655
229
704
283
736
104
111
781
573
227
314
602
188
792
71
262
196
667
516
695
790
439
789
801
806
438
435
148
112
93
252
149
927
743
703
517
586
144
235
968
770
12
907
606
555
489
267
909
60
613
310
863
571
228
413
543
627
799
684
381
339
748
544
425
385
351
651
279
775
698
114
66
40
827
218
676
66
167
175
31
517
517
574
21
710
671
129
247
869
540
201
154
799
406
404
79
527
672
858
931
935
370
552
982
61
962
318
561
729
83
837
557
910
852
568
441
105
300
286
803
435
942
137
521
356
966
317
792
742
959
474
61
589
889
303
752
740
242
563
397
85
490
946
950
110
787
253
497
88
18
816
404
879
753
469
89
781
516
818
13
878
219
967
633
665
514
614
986
34
791
224
89
345
541
230
962
367
227
940
837
852
813
752
750
208
317
833
144
341
257
620
962
448
90
379
76
267
417
186
269
144
405
219
184
139
769
20
97
584
612
174
335
27
343
619
655
17
108
768
762
477
260
757
182
841
581
940
148
10
235
268
346
352
435
557
909
303
922
445
716
514
765
786
275
86
90
383
208
242
753
435
43
365
589
246
388
958
781
1
71
36
400
747
433
219
796
940
130
651
92
850
885
978
510
768
785
988
351
180
768
207
687
24
918
0
474
819
332
724
204
306
85
148
563
101
534
524
424
170
1
403
575
782
715
321
256
305
160
349
940
226
798
121
341
86
978
549
462
588
861
950
719
488
473
685
375
82
97
707
380
734
745
323
333
956
317
780
336
716
82
726
890
785
662
767
634
575
863
723
618
422
317
875
507
232
288
764
498
1000
246
128
562
243
109
375
805
747
553
532
262
410
215
924
604
427
741
228
214
32
501
994
981
861
995
713
605
578
553
571
971
941
558
596
358
202
675
894
247
889
521
512
194
252
236
279
388
457
711
227
837
165
68
1000
510
591
863
517
99
111
241
67
655
901
305
378
923
225
33
691
334
597
212
275
507
742
826
300
854
79
295
518
197
65
92
591
946
212
868
503
623
986
388
700
956
573
303
809
666
430
80
588
814
961
549
1000
583
6
170
643
799
771
671
868
723
531
581
118
243
430
547
273
288
517
807
127
764
120
696
968
380
480
160
808
989
625
20
406
775
620
557
922
189
151
594
699
900
985
78
43
580
51
52
330
709
805
492
273
997
61
247
818
126
468
98
297
577
320
658
657
496
751
892
482
57
143
185
542
669
454
924
87
802
199
155
565
677
441
847
291
650
65
136
722
303
912
158
235
889
717
410
278
951
518
971
736
985
145
25
335
761
418
42
454
43
516
592
377
283
772
984
517
528
278
283
464
525
701
498
430
16
18
898
163
613
643
733
308
857
609
796
948
15
961
705
384
644
3
672
577
593
672
896
510
84
703
387
796
812
962
396
539
951
948
948
127
576
524
738
364
64
522
289
108
544
858
1
613
664
347
530
631
142
787
681
880
459
883
71
426
224
453
192
609
537
299
528
672
419
418
906
10
38
760
848
99
457
860
180
344
273
549
246
719
553
594
126
297
756
293
659
924
143
270
261
869
266
336
491
17
722
4
816
931
153
961
151
879
741
553
264
15
137
550
21
257
861
466
1
891
382
191
511
719
384
127
801
45
85
122
284
384
708
115
458
761
264
440
286
502
908
223
785
593
970
26
910
122
388
165
405
311
272
855
20
293
323
212
472
489
769
3
134
367
70
628
506
592
261
890
331
467
70
553
351
137
607
555
207
910
993
617
754
61
563
420
729
771
882
29
65
935
530
792
116
644
466
779
274
504
914
667
865
497
836
719
764
193
741
317
553
303
578
310
896
629
491
809
539
405
918
316
151
933
274
622
672
934
820
770
543
286
261
701
828
559
522
387
27
64
139
268
837
47
307
983
120
668
292
942
798
963
123
864
397
297
852
224
417
604
449
605
117
606
168
416
272
481
269
919
259
705
118
745
267
800
622
615
966
292
372
483
525
501
190
49
403
838
227
360
368
94
160
250
936
77
833
265
169
910
33
324
454
77
361
280
917
289
207
967
907
411
910
51
533
152
896
275
832
15
153
652
905
632
973
145
448
464
831
576
63
473
932
909
456
73
926
501
733
831
654
50
442
491
465
700
422
633
180
237
36
913
368
986
655
91
14
362
912
584
928
802
137
924
719
612
578
518
443
919
782
288
92
577
638
445
720
424
445
364
603
507
332
914
730
936
873
77
70
440
672
232
308
973
571
575
731
603
641
430
88
176
910
444
200
337
246
860
630
766
47
332
865
376
986
250
768
965
926
678
366
623
191
681
993
640
902
579
159
379
245
471
897
834
59
37
504
455
371
576
752
482
493
953
438
972
257
756
388
130
5
216
85
748
654
829
499
119
156
978
586
687
578
761
231
15
368
787
392
732
241
365
293
80
587
803
112
82
879
825
359
552
188
401
715
657
138
351
676
827
19
477
884
920
173
743
170
839
538
546
673
513
441
233
351
311
489
232
812
549
557
338
198
659
857
135
368
565
852
224
328
295
980
23
753
576
412
95
823
573
775
352
928
386
497
80
886
896
130
687
491
486
744
549
552
185
158
998
260
550
755
21
37
654
3
895
752
285
813
575
276
212
749
245
663
979
351
971
72
906
502
479
283
651
749
267
441
370
801
979
451
801
639
242
466
512
632
716
409
337
499
118
200
537
681
994
276
115
519
131
17
138
887
185
612
768
867
893
801
346
920
310
61
140
678
447
198
792
294
942
964
442
514
853
111
191
968
949
720
695
904
254
599
498
556
741
187
850
250
339
375
746
612
937
873
181
375
115
820
243
892
750
367
986
643
739
931
919
26
492
556
574
75
522
160
428
660
702
740
30
175
461
279
224
293
481
168
303
53
132
225
91
94
787
374
666
788
622
779
443
180
975
289
562
310
542
61
964
931
753
353
458
956
244
119
411
465
0
489
107
811
465
868
205
920
388
814
773
680
819
224
777
654
187
798
642
948
775
306
146
570
838
85
344
446
78
531
418
839
281
103
242
112
654
451
188
296
864
31
565
734
469
68
312
855
273
742
649
134
406
805
503
558
489
358
354
32
435
155
331
879
367
143
291
577
704
419
77
436
784
976
293
352
844
630
41
234
826
878
186
827
483
721
715
403
382
190
381
144
320
3
419
812
309
168
428
511
243
142
7
409
831
693
424
784
220
784
541
333
506
98
526
168
90
57
297
355
663
938
893
44
148
217
444
195
238
863
788
333
605
446
955
560
533
959
443
644
196
740
407
336
716
187
147
933
258
561
403
617
935
391
415
120
604
383
678
789
175
181
51
291
321
756
314
216
835
406
879
53
239
355
152
885
520
827
525
328
899
86
444
928
938
773
310
239
314
513
1
745
118
444
72
816
247
489
542
904
753
752
197
239
685
597
271
998
766
472
119
395
279
871
266
538
354
77
985
576
859
208
421
287
588
233
845
580
612
585
704
132
360
154
978
590
644
662
857
66
691
41
818
110
300
607
142
46
683
270
857
346
366
107
128
704
581
977
979
661
391
535
854
385
179
979
378
171
385
201
148
687
637
195
298
957
72
410
230
167
959
981
195
761
479
629
844
596
5
641
737
234
183
392
16
756
15
883
415
566
842
620
539
589
226
235
155
243
639
145
504
870
427
666
266
792
956
899
88
649
727
315
133
114
215
557
612
92
254
902
80
864
567
152
999
359
728
544
319
791
654
473
426
953
947
181
531
577
367
89
555
206
211
138
247
286
684
401
759
725
553
25
987
932
336
188
83
682
851
156
247
32
357
475
356
471
257
976
408
153
608
905
997
444
618
1000
12
93
756
496
209
907
978
347
277
364
570
205
256
562
292
666
171
312
705
866
952
619
212
189
345
687
481
377
546
613
605
571
929
314
833
955
62
466
353
497
782
57
809
166
358
904
899
85
73
885
332
191
492
80
201
842
676
20
19
570
967
986
769
405
204
984
869
762
574
753
855
759
667
210
872
933
371
150
459
132
140
233
280
391
775
513
547
678
162
252
928
667
715
629
626
445
658
997
864
439
561
174
311
22
156
465
165
384
834
716
971
719
255
211
875
181
467
162
522
312
739
306
979
777
394
495
305
94
545
904
7
265
59
541
760
213
604
168
228
227
186
333
464
611
866
764
547
880
698
194
736
349
713
820
795
793
269
712
240
579
726
333
346
1000
800
207
301
298
357
16
362
73
0
754
777
203
411
884
174
974
409
500
804
265
763
605
840
567
232
81
222
839
558
956
744
897
141
634
626
384
481
345
536
818
384
197
184
22
980
16
98
771
468
994
376
131
941
395
289
907
339
498
941
225
717
806
737
61
29
935
551
624
421
532
506
621
614
589
388
504
467
949
612
953
937
284
369
606
911
606
965
456
653
195
748
7
862
176
398
445
584
347
504
820
128
852
841
961
66
943
437
109
486
184
719
804
99
649
628
402
28
354
619
258
749
636
961
863
31
235
805
636
998
450
270
153
951
653
840
782
302
913
464
772
696
365
938
112
615
677
271
906
120
194
266
397
464
167
289
178
510
678
389
475
65
821
7
793
696
47
416
840
916
759
968
435
398
385
93
336
903
630
898
863
794
165
853
854
2
230
386
233
689
358
863
585
468
126
319
36
530
456
789
166
358
328
513
232
26
173
268
188
659
21
927
385
985
252
110
824
30
860
851
204
910
593
933
448
853
668
575
452
693
969
298
658
289
981
889
834
192
585
7
163
326
853
968
881
1
503
658
792
62
389
727
761
582
561
794
262
282
41
94
415
338
394
283
624
41
832
963
318
804
726
435
162
803
110
171
909
227
935
531
297
920
262
774
764
398
291
79
672
247
165
353
780
370
952
180
188
304
103
994
303
210
717
216
118
456
22
956
850
595
74
470
196
153
999
620
670
518
261
337
617
469
313
332
815
812
460
588
313
582
310
157
59
448
183
843
718
931
579
263
564
525
742
449
649
901
990
635
92
588
790
402
185
534
561
854
598
151
837
42
571
1000
6
943
615
269
870
36
648
103
245
676
990
614
242
672
732
360
234
645
411
625
102
752
994
974
491
554
52
196
546
386
867
517
707
941
205
428
604
369
833
70
282
682
493
393
684
760
833
593
52
664
307
245
671
722
371
249
729
589
226
5
423
135
485
966
351
134
803
662
540
110
974
570
464
783
903
377
744
823
189
696
615
655
908
633
7
670
356
859
204
546
508
746
566
126
181
744
595
289
583
42
800
504
185
625
398
429
936
136
654
24
294
889
847
716
874
918
735
802
239
376
479
926
675
115
556
753
316
906
217
889
394
980
828
864
781
636
547
157
11
406
435
35
651
736
228
582
456
407
555
6
175
978
174
166
268
844
990
33
968
525
54
755
685
491
900
976
419
339
634
718
400
7
973
678
659
445
371
9
467
971
989
497
786
268
148
903
868
788
407
200
889
239
927
768
720
718
485
574
307
715
400
406
892
91
374
559
448
89
988
682
915
943
44
727
893
103
631
262
835
87
139
480
193
661
221
741
552
551
482
34
786
44
644
962
841
640
59
694
639
11
362
625
214
423
977
206
239
974
586
124
907
262
527
879
225
953
571
526
202
605
162
900
147
207
405
133
929
908
997
617
13
384
188
0
317
803
255
743
726
934
955
17
991
927
123
887
135
920
654
11
699
926
364
119
688
549
231
307
928
596
763
480
573
941
2
69
790
925
580
756
332
641
874
846
289
381
797
514
467
393
477
537
926
122
785
254
234
816
93
660
435
997
188
660
707
456
593
921
86
650
887
977
372
638
182
587
439
752
248
836
729
946
785
900
963
583
370
87
773
145
752
92
695
696
196
837
850
996
364
73
473
78
772
832
997
92
887
588
993
214
205
858
967
331
864
301
482
898
657
153
824
579
639
84
646
378
571
615
262
272
254
702
502
324
166
292
272
353
921
349
913
834
203
680
138
869
607
745
910
85
615
855
362
905
2
837
37
327
419
143
409
639
43
407
7
722
631
889
826
53
543
470
850
812
586
232
688
293
531
731
985
250
955
999
507
869
848
967
676
967
140
720
951
27
259
584
503
174
515
101
471
855
808
674
751
20
626
727
167
764
413
662
757
771
590
72
677
719
164
845
111
828
20
171
702
25
339
983
138
462
462
752
345
867
775
130
438
178
12
239
667
377
783
555
617
857
725
404
848
768
36
840
169
564
858
105
132
780
635
826
765
461
236
1
896
446
732
194
147
195
311
445
101
459
100
961
149
564
457
215
207
877
350
171
0
699
70
599
827
60
208
166
203
530
833
345
284
919
524
820
648
438
702
877
489
438
674
15
481
38
619
419
708
114
209
804
893
938
378
731
584
970
565
785
263
545
79
202
675
764
544
405
258
513
527
921
58
461
194
750
832
185
909
981
287
341
66
674
503
122
264
185
999
31
266
265
172
295
199
329
825
56
664
266
803
90
947
109
686
472
965
786
985
86
795
50
639
6
544
183
777
383
787
216
173
953
428
44
535
790
821
177
230
994
777
291
935
411
330
870
132
603
455
310
956
868
970
596
732
131
321
840
130
46
692
113
42
221
286
653
453
888
133
293
580
690
170
487
446
161
243
985
529
443
639
937
417
577
288
533
802
12
450
810
829
425
519
727
679
885
563
200
607
86
537
389
939
330
209
660
326
924
295
49
1
690
709
142
614
430
844
721
921
530
573
394
180
853
558
196
402
345
571
12
875
956
444
360
776
355
548
571
455
275
504
545
999
466
479
541
286
28
692
837
884
594
43
847
233
243
174
921
176
103
347
273
404
957
802
389
614
826
908
505
494
772
470
520
153
513
900
58
34
139
600
149
172
5
900
228
205
296
765
295
846
696
429
821
101
850
740
79
932
44
747
407
764
396
353
795
138
857
332
845
795
802
156
241
852
383
768
970
235
968
84
92
448
120
837
694
28
601
977
618
827
656
175
620
765
335
766
92
380
431
52
894
238
269
664
446
1000
344
603
567
317
997
173
546
730
14
746
716
415
844
557
245
144
261
126
684
684
126
736
88
169
441
101
664
41
390
638
477
874
106
214
457
733
703
597
582
484
738
494
183
610
942
638
6
218
496
662
61
975
185
205
654
573
457
521
164
438
59
301
79
699
451
668
774
964
804
734
26
353
829
540
973
451
9
431
206
807
970
667
312
272
741
697
3
15
831
303
872
983
859
190
18
917
149
250
964
98
920
499
916
289
264
535
252
921
545
324
75
131
876
562
83
509
712
810
144
200
799
623
500
41
40
505
306
920
743
362
679
791
576
556
704
249
147
151
146
64
988
198
466
595
485
190
947
222
772
989
950
481
994
979
41
378
27
854
489
273
354
479
169
762
449
940
127
412
471
3
715
537
108
814
316
618
432
324
471
440
588
511
384
638
798
11
112
298
978
128
285
866
637
374
374
251
686
206
555
944
714
199
378
144
727
44
650
970
980
170
91
298
809
962
683
365
583
888
854
181
32
499
808
210
950
310
666
195
557
95
579
503
732
958
5
585
791
150
537
409
129
656
231
872
114
800
307
28
649
854
65
252
121
897
307
298
80
98
406
28
518
556
231
528
540
770
491
823
540
359
383
474
509
635
859
105
149
66
449
397
976
60
565
767
872
481
724
279
384
991
127
59
569
738
608
736
911
225
874
88
558
485
943
867
21
112
773
423
677
118
714
470
18
723
590
399
572
332
203
693
433
530
193
809
893
630
496
448
139
387
526
78
717
164
370
990
825
627
43
826
218
459
387
487
634
821
925
748
320
952
377
222
658
576
935
669
774
220
840
915
84
855
496
8
635
838
996
906
890
304
11
538
10
994
470
467
973
803
878
706
936
353
729
717
841
429
91
819
203
244
78
902
336
452
670
904
389
507
819
908
256
852
731
524
779
655
96
98
77
854
180
652
888
458
133
108
700
823
324
854
187
234
61
182
231
57
828
433
379
986
138
263
219
56
366
135
974
341
482
472
854
323
673
386
384
800
155
576
853
322
640
635
294
109
671
370
123
485
299
841
552
999
674
843
224
579
53
395
322
461
284
51
682
548
653
744
678
842
149
340
402
10
494
383
593
53
66
580
723
921
385
164
403
337
170
542
648
120
228
624
245
774
12
415
217
305
426
642
46
955
835
789
212
823
567
660
359
876
33
44
975
209
130
290
886
766
108
834
773
501
567
4
152
985
932
661
226
899
723
804
58
21
167
332
2
339
373
327
246
763
769
365
831
828
879
459
154
166
615
265
735
610
731
446
255
835
220
215
995
138
489
881
515
855
402
602
633
556
648
739
562
423
101
213
14
180
260
602
571
621
779
546
282
658
981
612
638
568
31
592
798
810
630
542
114
579
868
635
591
131
807
643
644
839
604
687
933
502
394
980
69
554
530
363
510
660
11
296
315
621
554
118
177
906
592
81
754
766
924
734
869
506
427
638
308
817
532
161
680
442
806
95
904
699
338
55
551
857
13
520
583
210
918
495
398
224
974
135
761
5
767
767
815
148
63
768
754
811
668
14
846
435
152
451
216
491
412
631
503
56
757
543
738
267
406
296
613
969
851
677
426
943
700
376
846
763
477
184
66
832
623
655
754
914
763
579
963
551
306
222
259
866
822
723
724
453
482
237
444
18
488
924
859
439
349
753
750
890
904
487
729
308
39
422
673
524
382
823
107
416
179
433
879
11
928
348
579
894
882
543
284
457
565
45
951
176
331
993
890
2
214
357
548
548
908
676
712
340
821
367
81
676
815
333
585
805
433
20
902
747
587
17
221
399
309
593
37
118
623
403
165
172
275
657
549
164
306
332
60
399
646
39
559
475
837
997
892
730
901
555
880
712
607
109
457
202
247
711
328
237
724
430
943
396
728
278
651
919
111
102
21
609
237
80
749
134
305
270
34
475
532
477
8
667
770
856
490
504
632
21
158
509
953
197
988
325
659
788
35
75
896
253
749
532
204
114
445
540
973
791
391
923
538
81
134
709
782
664
572
429
207
9
550
722
799
480
411
661
766
292
353
951
746
359
620
565
999
840
134
108
400
688
303
689
105
721
332
339
586
836
634
125
628
710
678
882
78
41
814
83
456
408
899
39
461
892
728
434
465
991
687
761
281
796
122
578
718
833
293
435
522
916
619
135
345
737
408
342
376
260
678
292
767
917
49
242
20
80
88
768
590
356
385
346
502
762
33
209
165
426
76
785
132
990
641
117
689
794
610
76
388
773
813
631
312
797
453
432
668
13
116
112
231
711
573
960
710
674
526
857
621
317
566
947
923
92
676
996
158
673
901
554
132
21
754
470
497
221
636
238
765
41
586
242
572
407
573
142
442
936
945
14
819
407
278
372
318
87
590
106
325
138
381
529
321
952
236
903
309
848
908
453
701
941
80
436
771
623
866
707
516
897
58
451
561
705
253
776
151
916
640
570
218
603
900
123
112
128
221
517
772
922
965
480
825
631
625
558
930
779
951
350
505
95
837
81
892
897
851
267
727
926
954
716
950
746
920
521
67
35
85
599
356
873
373
505
668
659
443
486
333
437
866
957
811
204
885
773
648
853
955
131
733
920
190
972
926
716
768
991
676
931
349
487
402
187
580
125
762
334
237
875
102
22
124
431
541
101
587
396
20
963
327
537
365
567
102
678
144
255
304
695
152
687
173
575
592
827
753
781
651
373
21
547
794
10
884
133
279
65
936
555
695
570
400
70
787
168
761
746
392
256
396
948
807
996
442
213
133
430
126
949
709
471
794
121
911
99
459
986
278
931
522
767
476
477
740
171
596
426
155
495
2
887
65
532
858
937
312
549
561
412
844
16
85
401
887
515
386
839
629
615
154
961
81
622
542
254
651
590
172
184
374
402
772
755
368
697
169
351
483
839
307
132
330
818
64
387
698
360
874
233
396
307
514
332
714
573
153
299
80
776
462
785
647
9
221
154
838
882
283
473
161
335
234
666
944
710
579
301
392
964
78
998
883
781
518
119
236
67
248
845
705
745
280
72
212
597
905
20
213
881
959
976
947
324
879
542
281
605
330
862
665
588
287
552
241
318
83
993
574
913
752
695
688
289
196
681
945
919
347
151
35
499
268
36
182
857
928
179
364
577
583
566
727
168
645
692
934
101
44
128
185
667
619
459
492
861
650
877
334
941
78
265
99
140
231
86
748
176
413
573
157
226
744
581
56
600
48
279
63
906
160
373
355
427
55
187
694
220
900
416
960
763
1
881
696
338
324
513
511
137
281
95
78
474
588
949
561
410
693
753
848
271
956
463
408
359
669
969
992
994
1
545
147
609
201
445
138
214
139
644
165
137
218
96
5
549
742
753
865
418
332
106
989
834
353
540
77
642
292
515
412
271
296
865
982
155
946
620
306
880
608
32
49
925
707
477
144
351
802
332
730
347
805
204
483
720
692
985
875
802
660
674
334
123
561
265
916
154
660
811
527
337
377
145
611
607
42
672
750
334
161
956
440
148
364
107
654
505
357
193
190
468
658
75
12
75
977
344
919
368
713
566
742
473
397
491
179
479
927
170
98
759
315
557
793
147
626
201
447
867
316
437
530
201
422
389
593
74
49
526
357
451
17
249
691
771
92
929
347
431
175
966
882
936
18
316
950
490
678
73
351
787
929
334
458
540
790
340
124
176
255
606
372
795
555
688
757
367
713
406
30
209
459
689
661
5
101
332
535
737
909
549
567
18
293
296
238
686
385
77
673
638
830
834
596
534
18
51
894
638
440
813
403
676
13
221
231
246
79
69
759
357
49
485
418
621
70
524
155
185
418
117
144
476
734
792
724
971
563
669
362
903
988
973
690
361
260
905
110
947
116
997
511
362
693
599
842
165
31
601
380
591
623
862
787
452
375
115
629
690
854
1000
112
327
25
324
196
693
947
620
540
235
470
857
643
525
1000
330
196
692
915
151
465
327
892
877
660
966
86
231
794
849
151
422
985
413
904
59
396
493
710
478
47
965
481
568
726
28
787
515
818
527
387
583
472
77
118
869
860
535
126
309
39
899
336
397
819
159
834
52
382
410
197
132
285
571
779
642
428
13
374
962
788
732
991
785
493
290
743
874
687
277
636
392
997
498
505
83
160
253
332
962
911
792
957
363
611
446
238
876
281
250
373
763
699
65
455
973
153
382
983
938
767
561
934
272
335
290
211
573
899
632
555
171
147
907
731
164
24
404
922
335
969
408
758
461
202
728
617
85
309
317
992
545
87
994
871
355
135
863
466
75
436
525
948
111
38
322
700
473
206
270
395
640
775
806
904
203
567
637
427
722
25
5
0
924
845
790
670
142
258
996
659
248
223
416
31
444
838
875
519
85
786
935
798
188
934
678
210
282
181
538
742
756
670
850
909
158
422
364
870
96
996
525
462
426
982
831
811
252
972
461
606
466
411
662
926
46
353
399
314
281
955
688
594
980
354
895
454
102
493
104
378
653
322
379
653
642
483
773
542
541
133
182
20
588
828
934
409
738
54
912
455
455
902
682
999
98
726
774
378
253
746
515
289
813
345
673
768
811
603
132
896
497
600
35
338
743
750
226
176
533
775
603
317
542
901
71
922
696
492
371
892
907
537
498
379
954
374
376
661
36
311
921
339
591
255
300
230
743
480
505
189
624
951
594
242
975
158
488
213
432
617
609
664
328
709
230
935
138
319
317
520
274
247
831
305
615
603
182
294
1000
4
560
134
473
813
536
592
853
976
18
919
948
280
401
765
158
744
566
259
430
234
643
833
112
931
366
340
203
146
428
127
213
501
107
164
906
243
751
860
920
991
806
974
901
131
912
793
923
403
723
915
849
577
292
954
47
336
63
803
502
927
246
691
657
338
662
303
274
225
384
787
721
360
584
291
670
697
116
933
385
351
976
546
38
220
794
815
461
615
800
163
889
536
553
503
189
227
190
484
161
508
262
394
675
822
99
637
32
179
88
876
578
6
245
729
839
505
606
513
479
893
720
740
821
804
348
590
641
456
260
624
355
722
224
633
34
418
250
627
183
99
172
370
747
902
30
360
22
700
399
11
140
659
884
961
312
485
822
44
151
718
304
0
204
742
116
656
43
686
66
568
16
465
145
108
612
557
802
85
262
446
458
196
643
570
471
318
820
70
904
21
985
607
634
44
760
106
289
31
225
75
329
126
929
352
301
352
50
566
858
168
536
779
276
513
357
666
364
116
673
515
534
29
686
986
659
399
934
793
940
273
623
784
830
158
72
708
619
225
59
888
794
246
838
779
5
90
758
960
129
821
486
308
124
576
521
586
39
922
755
934
441
25
312
194
397
617
564
604
777
775
314
288
202
15
143
510
642
121
728
142
502
797
814
285
186
108
594
874
152
399
203
400
859
884
51
52
326
715
346
116
940
483
811
533
605
358
254
834
159
408
173
190
742
979
444
993
679
912
629
908
665
25
258
688
174
530
725
369
194
128
129
765
491
89
541
620
653
296
401
491
574
304
193
896
504
553
685
727
7
336
332
237
701
540
990
73
198
793
704
138
836
931
406
928
839
64
154
196
976
516
526
704
823
121
947
272
292
164
874
601
459
598
950
207
53
547
35
765
702
379
302
586
210
479
986
11
600
822
345
894
433
856
284
419
360
13
915
724
478
889
63
310
626
787
28
390
874
805
39
672
849
872
928
27
976
715
391
109
758
830
470
24
640
661
187
390
753
914
367
423
90
200
131
727
413
505
996
133
686
43
76
552
591
598
992
436
702
486
896
669
477
608
367
113
344
166
297
586
478
319
879
600
647
399
630
623
507
856
42
714
356
456
613
665
584
997
218
215
310
736
791
781
268
431
308
618
638
265
921
581
471
679
376
485
471
274
95
607
800
802
848
516
656
642
156
67
384
142
154
67
618
175
941
568
167
108
204
271
846
613
697
334
530
493
98
456
447
570
73
818
415
590
105
161
793
192
175
971
155
197
526
417
192
429
235
785
588
685
568
483
386
36
816
707
613
144
220
760
824
360
475
368
57
981
906
260
559
473
578
735
851
371
885
695
869
516
577
963
586
351
630
951
182
104
93
833
131
698
398
293
221
301
469
148
690
936
476
774
386
506
791
495
297
814
838
101
871
640
629
751
469
423
410
836
403
958
5
403
244
465
124
424
162
870
758
538
158
991
634
845
647
728
575
988
331
875
424
551
8
501
436
604
912
726
997
69
351
488
49
428
906
315
661
238
207
165
825
851
850
38
891
400
975
723
482
638
793
231
474
81
830
991
541
176
469
851
957
674
499
931
125
618
543
90
126
374
15
46
383
581
75
941
477
834
118
861
855
221
914
743
79
628
77
168
641
545
98
743
972
48
77
305
366
839
510
794
296
557
801
918
880
857
637
218
350
758
612
377
108
46
186
895
363
181
712
899
60
342
100
782
430
246
188
684
780
512
403
45
148
355
669
117
116
570
135
144
576
566
293
603
803
804
920
664
103
941
15
523
488
148
788
738
323
756
637
341
311
54
229
133
473
165
512
457
902
349
64
631
889
891
159
955
564
182
298
46
552
585
166
354
51
783
686
595
206
44
270
495
989
384
457
453
626
561
909
770
278
676
175
424
483
296
516
518
975
10
799
122
265
374
838
982
669
720
977
710
532
868
680
897
892
256
402
188
172
290
22
276
902
81
689
494
691
425
411
889
65
286
587
591
577
682
60
648
80
690
914
154
897
665
507
454
689
170
434
430
31
174
988
88
934
577
60
312
636
25
679
970
502
788
596
532
171
581
785
213
17
77
123
191
548
995
450
786
535
986
238
55
10
60
275
343
221
751
895
875
817
582
288
779
164
179
950
921
127
319
287
727
188
631
294
263
693
351
187
223
335
976
437
347
563
923
524
890
961
100
28
404
802
187
635
539
467
987
480
488
748
830
578
211
706
110
297
93
353
366
420
830
779
2
414
591
265
20
661
328
52
97
310
4
390
793
586
599
269
278
122
75
460
355
8
691
146
508
412
41
398
63
580
777
818
644
832
208
399
3
908
170
11
740
173
419
4
680
378
327
440
826
377
713
277
101
191
858
785
334
260
802
387
43
399
513
576
51
436
889
783
393
654
688
280
631
903
227
807
640
653
409
762
219
346
953
835
804
995
801
486
218
541
984
519
973
532
987
705
648
265
583
19
855
51
456
498
398
365
874
578
374
542
446
432
196
303
848
364
619
587
367
196
124
933
486
68
358
754
140
658
481
335
732
125
734
610
601
944
856
761
487
267
721
560
975
459
950
519
844
282
818
222
255
697
235
896
743
486
96
928
920
878
971
244
849
101
279
930
83
347
257
997
304
666
820
335
696
735
179
250
666
355
458
75
721
736
692
763
7
255
420
841
795
901
596
435
372
660
894
289
586
997
405
262
230
479
456
900
299
94
776
839
646
967
232
719
587
974
432
767
428
392
291
171
263
277
260
79
937
18
382
438
891
279
886
746
819
452
99
393
549
175
763
926
553
15
154
843
769
331
663
662
135
45
348
395
761
476
869
350
834
692
700
204
123
748
758
259
985
698
396
410
628
965
75
118
561
889
359
56
705
220
658
82
561
517
319
595
462
239
481
200
511
17
560
652
765
252
873
349
344
246
569
339
48
93
100
342
467
984
485
151
44
425
429
46
94
629
734
914
477
92
679
128
200
400
895
704
144
4
706
991
40
495
15
886
961
461
611
489
11
974
169
986
638
539
872
182
879
909
330
971
332
169
362
297
486
149
588
58
425
76
619
939
100
687
98
884
860
557
925
953
549
620
65
785
294
27
894
275
188
335
695
110
325
209
383
843
241
808
145
803
321
982
899
728
570
733
760
180
703
590
368
666
18
242
946
188
513
183
104
256
397
939
1000
28
503
440
492
242
200
59
814
214
403
127
730
285
488
639
123
362
572
307
867
671
94
380
167
795
227
989
627
166
522
280
103
823
60
179
741
821
464
819
473
805
279
502
259
814
130
458
824
881
505
872
424
694
199
914
601
232
320
469
22
40
904
730
107
995
537
364
607
440
64
259
817
759
617
716
703
865
247
971
87
539
335
800
369
973
832
999
876
573
910
216
845
339
506
459
803
805
819
38
611
936
617
985
707
955
221
417
728
860
642
730
472
693
353
94
309
930
898
549
687
951
715
702
456
811
813
829
797
777
635
675
355
780
583
544
688
523
590
900
958
382
91
819
700
446
442
97
609
674
828
538
323
391
974
867
478
158
535
714
67
232
36
299
411
803
783
166
375
438
632
987
180
750
374
28
815
372
38
774
929
946
162
151
19
109
990
759
937
283
97
108
59
774
759
430
92
846
99
917
920
714
174
659
456
280
792
701
398
753
862
91
345
212
331
317
223
681
509
35
299
805
479
530
560
123
510
828
804
689
299
388
332
94
154
930
134
276
89
32
15
163
683
44
791
717
108
216
844
254
438
342
966
620
107
393
261
350
488
170
368
580
218
357
595
640
868
281
388
417
724
83
173
603
338
325
133
60
135
326
172
851
907
968
685
707
644
929
515
464
171
508
827
385
940
356
135
895
616
491
671
113
68
13
235
6
62
232
606
604
889
457
35
592
847
501
568
11
462
676
121
718
568
23
698
646
965
242
894
524
104
981
410
578
531
876
401
766
566
94
316
730
639
226
705
22
411
46
111
226
650
536
26
494
599
569
213
344
347
353
549
396
200
743
718
880
274
953
847
91
533
673
139
122
817
710
762
86
38
241
831
62
566
985
394
970
903
818
463
446
447
542
931
613
230
753
413
229
751
755
715
882
428
856
890
709
720
557
732
273
921
886
3
438
284
61
2
708
18
908
526
792
662
834
761
555
39
853
733
351
349
992
762
900
126
864
134
579
807
199
577
414
607
212
22
360
414
611
902
856
953
758
934
865
213
390
661
849
935
40
341
985
207
709
296
412
826
221
981
242
639
398
819
964
76
392
25
834
325
398
637
658
176
96
42
193
967
871
943
177
940
317
985
115
374
682
531
668
70
40
545
112
578
646
216
841
615
344
757
189
10
50
456
594
537
110
777
480
469
10
781
650
460
444
147
976
35
471
530
265
133
771
212
416
809
468
740
858
248
637
16
508
537
216
211
666
258
992
197
274
374
885
670
295
600
966
981
71
23
742
477
138
803
880
163
80
797
695
235
712
482
579
281
431
431
570
661
29
620
54
540
715
983
745
682
831
780
963
634
514
185
372
509
786
921
63
471
760
897
164
329
471
928
511
718
594
826
553
890
305
546
912
714
678
777
581
948
231
691
661
7
393
124
372
322
792
340
903
166
799
860
610
300
593
48
179
295
98
564
283
234
838
921
416
278
799
109
577
361
405
342
601
774
166
243
349
208
879
99
442
256
230
148
852
251
737
282
877
109
123
154
755
926
11
648
811
272
364
693
723
816
396
917
427
946
375
339
392
129
965
759
910
339
425
92
469
119
23
357
587
232
987
386
563
571
846
758
910
848
818
846
296
215
765
157
249
417
256
37
305
497
333
472
214
899
730
106
260
833
889
691
742
511
159
947
614
886
544
734
559
8
112
695
99
498
837
896
880
914
316
903
779
617
18
486
690
115
250
604
305
329
724
171
291
868
664
150
11
104
408
118
688
105
669
971
192
633
825
907
121
628
175
387
889
904
181
518
25
391
524
397
840
979
354
268
154
714
50
369
796
741
352
318
162
911
27
648
192
790
319
245
903
874
610
549
758
176
613
842
621
231
781
242
269
615
895
833
247
82
684
890
596
151
372
573
824
913
526
337
434
227
748
686
17
719
713
536
872
561
201
785
864
437
268
850
485
406
201
966
339
56
479
94
47
409
86
786
81
219
683
390
449
704
83
77
128
346
690
902
504
366
116
52
412
945
449
974
52
113
1
982
687
370
800
2
600
705
857
736
279
839
606
281
247
215
798
339
199
788
535
974
705
136
629
497
446
246
458
395
584
853
290
575
464
923
190
333
965
507
379
749
420
38
61
885
12
707
856
640
496
650
445
621
184
353
725
913
266
66
382
395
487
634
200
74
207
564
203
462
633
823
820
132
743
