241
310
105
738
405
490
158
92
68
20
411
562
939
296
819
783
60
227
532
549
368
283
798
176
846
108
268
219
965
949
26
848
656
826
266
819
278
198
168
317
296
642
888
749
983
875
868
901
381
88
865
620
345
687
397
518
254
182
253
484
286
91
967
957
837
886
964
560
860
307
7
930
298
586
721
903
319
868
783
520
199
423
433
613
295
441
462
165
238
312
265
832
816
44
83
47
473
641
287
531
547
663
482
717
351
148
689
200
68
422
935
207
650
647
451
282
188
364
446
764
602
328
649
571
203
926
331
103
859
63
725
234
284
783
596
630
882
243
125
339
957
181
297
470
26
43
365
714
84
917
987
977
292
752
691
982
334
18
330
295
329
989
156
793
667
420
882
965
890
635
696
837
79
300
632
196
915
454
299
139
256
390
613
984
162
339
586
9
372
45
465
173
373
802
823
371
297
585
99
449
212
434
938
212
116
60
63
56
754
172
609
693
993
153
621
41
559
502
596
255
329
36
125
854
541
299
792
419
667
205
489
206
247
449
420
503
37
224
431
454
254
662
910
438
850
220
510
192
32
37
260
259
248
538
213
790
237
427
890
267
145
332
52
912
950
322
578
119
583
412
985
922
668
669
891
809
734
762
41
506
396
95
440
215
952
894
586
921
966
946
169
344
303
672
482
818
922
657
322
834
430
540
220
670
820
702
820
274
346
944
401
979
508
76
879
994
286
984
642
684
195
45
404
920
634
130
785
991
275
683
876
61
890
171
704
650
475
582
483
764
413
949
399
223
817
3
216
944
160
13
624
897
263
118
405
829
788
801
390
898
227
563
54
899
973
206
165
687
622
338
838
913
575
792
803
482
937
539
450
27
80
35
712
608
115
500
574
885
263
622
792
142
42
371
81
786
900
535
926
10
304
857
355
847
76
87
982
556
464
390
210
806
1000
318
397
239
776
498
876
989
409
97
79
117
937
635
817
906
374
524
444
425
878
728
795
454
68
643
902
963
200
652
309
952
856
490
432
121
817
571
171
380
895
166
180
723
152
334
506
880
346
264
554
997
925
4
727
172
5
663
319
123
558
113
498
805
732
615
495
538
77
533
251
421
867
300
365
234
785
184
884
641
1
692
54
624
929
320
557
934
930
478
801
933
581
312
959
888
518
805
451
627
632
452
401
144
257
789
611
370
677
348
136
443
84
620
147
691
828
637
181
292
923
962
380
202
589
812
358
691
635
904
95
78
412
661
958
925
183
337
669
380
334
178
307
904
23
618
20
536
972
772
849
90
820
367
826
832
976
100
162
186
598
507
676
587
960
78
778
947
991
119
176
667
490
691
907
763
227
632
805
851
676
310
873
950
704
415
902
613
243
918
501
720
226
317
376
235
763
334
550
641
542
462
920
822
409
518
410
992
837
320
290
448
421
602
13
257
188
918
553
469
709
574
629
845
373
413
973
397
638
28
159
523
69
469
997
988
645
942
355
618
815
319
932
93
773
264
495
227
655
950
488
913
618
796
67
152
946
244
70
306
135
970
48
167
407
809
595
697
635
560
730
982
551
268
18
536
251
161
769
99
210
32
972
324
83
124
277
62
899
658
295
624
911
646
718
176
748
152
670
424
975
133
899
726
736
83
573
373
710
2
741
901
565
159
514
421
157
220
864
305
495
519
69
384
172
167
895
911
262
527
400
550
698
310
882
410
336
174
396
63
433
28
285
897
692
19
311
983
808
156
87
160
118
868
623
843
15
237
236
566
8
488
932
735
545
189
906
845
463
749
723
890
943
699
959
714
388
344
867
176
853
543
601
192
109
486
634
924
933
365
312
952
662
851
918
423
614
755
38
840
647
217
261
592
878
821
677
605
314
803
917
488
640
853
347
826
854
85
913
241
914
323
904
106
674
998
715
39
619
330
539
487
978
361
950
83
181
730
44
510
531
558
847
612
728
255
39
205
692
73
344
800
616
930
141
713
315
119
519
910
846
844
521
859
0
73
864
231
638
280
637
977
18
911
750
996
35
10
489
714
148
218
368
255
911
756
766
353
835
305
878
397
647
619
412
34
177
422
505
998
65
772
522
883
521
305
573
707
289
807
212
721
720
447
329
179
219
18
490
908
447
954
995
282
339
773
930
416
972
642
949
862
419
328
768
634
215
262
286
523
88
30
412
269
623
294
691
936
656
135
627
776
320
88
957
801
169
635
94
717
216
956
955
259
684
221
911
657
511
782
116
660
348
8
466
583
208
170
95
250
531
863
97
116
816
994
323
303
890
580
595
676
154
928
764
77
677
867
183
920
735
764
27
774
785
820
185
692
211
269
35
607
332
646
336
753
788
621
864
373
166
175
773
220
50
979
54
974
164
700
962
951
58
689
925
268
721
943
684
686
863
505
106
867
204
816
141
401
490
615
559
507
553
331
370
440
761
415
858
37
776
940
38
185
156
366
224
303
243
372
587
886
199
961
639
693
352
392
372
548
725
114
967
229
195
356
189
547
217
21
27
120
195
303
845
706
748
329
960
554
509
963
42
973
313
819
736
821
402
167
142
384
632
474
359
364
5
457
714
139
458
30
761
802
944
749
733
428
216
117
338
302
611
571
55
916
80
493
165
997
691
539
62
185
855
629
246
614
340
613
20
742
676
23
391
447
236
819
599
141
636
43
137
187
619
292
239
445
757
321
553
649
380
174
747
353
950
691
856
557
675
981
586
958
353
264
611
343
988
550
32
557
155
374
584
883
873
201
506
482
848
122
75
904
642
609
200
162
146
564
728
143
611
858
52
551
839
354
895
961
82
726
964
48
803
856
619
152
556
180
269
639
58
302
486
903
886
287
214
658
483
778
289
542
707
771
982
63
909
143
294
940
426
46
2
354
542
617
874
939
865
368
73
205
443
693
81
819
434
807
934
33
290
203
866
693
978
200
838
176
206
732
940
764
945
82
95
10
909
3
978
298
532
530
537
434
66
94
535
655
346
683
172
645
204
522
708
562
63
706
63
66
142
446
987
138
912
106
988
780
529
332
525
347
680
283
136
601
599
121
593
656
638
72
616
978
5
160
44
786
278
558
659
435
792
311
607
367
986
777
156
537
371
549
467
253
639
463
174
494
667
594
557
26
594
571
583
990
198
267
980
601
700
587
743
612
977
713
462
966
340
165
311
164
323
980
307
870
323
722
214
546
495
632
299
275
377
881
679
169
322
99
884
238
816
918
336
652
854
198
180
451
98
998
317
33
533
5
47
887
965
2
897
670
700
569
182
228
939
251
381
990
660
402
395
247
647
452
971
749
442
297
519
91
351
809
44
98
189
56
416
4
401
167
444
700
754
45
571
227
998
382
351
520
357
899
698
135
0
354
372
98
777
387
586
219
501
360
959
587
443
566
748
93
401
161
88
459
396
537
215
769
27
94
292
102
129
130
467
448
755
357
776
923
904
416
325
410
685
316
910
803
405
918
935
745
105
817
942
348
902
384
521
850
78
727
499
445
734
376
899
232
589
875
636
167
946
438
291
126
343
547
36
532
898
795
644
833
688
700
243
628
188
793
490
236
898
530
363
945
432
450
427
544
864
682
126
506
886
964
12
859
715
441
781
366
480
903
759
767
287
201
144
341
368
156
271
554
734
971
577
937
676
998
999
495
791
614
810
139
993
501
951
394
759
488
356
636
520
839
773
968
805
997
921
32
760
816
684
445
260
606
636
710
191
904
662
548
180
866
18
470
978
702
890
585
312
135
46
2
838
238
789
348
158
322
836
335
858
460
588
236
280
813
57
684
64
36
451
113
738
754
653
248
230
484
817
548
64
557
628
167
178
200
5
874
198
525
814
195
225
978
14
513
494
334
357
271
587
415
591
134
724
772
937
939
346
675
650
716
121
631
257
270
98
58
882
345
922
727
57
898
798
393
70
211
729
254
51
501
750
396
375
71
964
870
776
654
734
892
86
865
150
742
927
843
456
720
750
438
525
838
384
939
714
110
174
147
35
173
645
466
545
885
947
539
483
875
451
375
969
579
443
252
875
655
256
276
584
7
273
407
706
577
340
902
717
293
804
948
721
831
122
161
525
797
192
957
954
985
165
708
793
399
677
556
132
666
188
627
826
193
575
905
73
553
760
73
830
313
31
82
517
471
690
96
662
542
7
285
270
847
201
787
778
192
119
830
261
596
408
276
540
933
278
6
104
408
371
613
828
166
753
503
615
905
740
351
974
725
766
194
869
998
502
987
250
168
969
782
172
341
750
32
954
215
193
746
551
476
964
542
330
130
624
175
833
373
592
526
440
840
760
460
373
335
935
706
778
774
79
824
470
496
279
266
157
114
726
673
261
766
449
923
992
941
608
515
669
500
713
988
468
87
275
383
764
558
101
616
309
625
9
162
392
520
908
180
692
393
493
183
33
327
225
641
248
408
545
171
195
480
732
686
469
308
396
278
341
446
212
712
662
37
754
689
586
56
797
911
565
195
764
844
857
34
543
505
341
263
778
794
789
58
129
383
52
722
747
411
429
820
381
254
356
448
375
407
590
27
397
755
131
141
482
416
257
785
173
735
750
949
969
455
542
370
376
811
577
105
814
784
184
151
311
638
938
526
677
790
156
64
504
687
724
846
573
39
926
700
729
286
639
762
205
784
2
441
416
276
511
170
851
946
965
29
111
139
944
417
992
823
848
808
280
569
462
943
971
839
794
898
74
649
332
265
554
752
914
733
925
950
449
175
905
22
895
349
259
261
267
396
350
61
584
625
181
437
877
271
576
103
242
587
105
101
507
881
615
283
419
919
746
126
995
398
447
797
479
534
645
458
590
902
962
167
689
871
487
527
178
292
865
358
896
285
694
647
72
451
703
530
613
664
746
880
536
715
196
302
681
724
708
545
929
810
395
267
544
479
774
536
342
62
333
802
635
472
382
561
867
866
355
145
225
238
624
376
612
77
264
965
921
431
870
459
295
667
426
516
174
601
729
410
227
880
399
913
289
809
320
767
142
909
855
261
450
964
219
206
490
103
661
506
606
161
64
262
985
620
17
152
325
407
336
375
767
965
143
80
609
522
62
479
379
165
737
354
765
372
88
366
520
570
111
569
942
477
686
450
512
623
711
496
190
128
764
671
326
418
887
873
809
135
856
558
984
306
475
647
816
837
727
665
849
585
170
953
177
231
737
942
449
194
648
417
132
559
30
317
162
945
556
815
246
613
813
343
158
516
678
232
921
322
709
438
944
754
843
854
878
102
40
352
522
306
174
449
99
746
295
748
835
209
641
175
624
71
543
757
703
842
322
94
30
139
958
141
631
876
73
181
589
269
897
906
174
49
699
892
347
323
656
279
479
484
152
759
918
113
512
322
297
609
259
982
673
670
316
59
535
4
547
454
682
264
810
1
858
536
369
67
722
266
662
608
61
751
551
793
952
826
569
452
805
686
68
495
425
478
517
485
568
882
866
767
502
330
579
44
530
217
690
675
593
171
404
592
292
884
620
362
501
730
32
278
151
428
221
550
430
875
377
107
898
218
749
430
268
722
249
592
761
599
457
120
184
885
119
687
738
730
676
689
825
740
78
746
491
907
148
413
583
101
235
984
235
578
574
168
766
813
173
170
68
273
128
773
722
270
218
305
82
802
888
576
728
829
831
889
918
986
878
88
435
402
465
876
293
533
888
935
403
999
949
217
72
395
454
466
643
769
805
525
494
719
920
281
304
765
364
197
279
193
837
497
226
748
566
197
883
499
329
443
146
377
504
224
828
266
240
975
916
487
24
563
155
611
649
243
543
539
57
637
643
356
479
677
793
406
534
599
27
731
639
317
235
779
862
844
155
996
64
192
436
202
167
948
172
118
483
816
796
298
128
32
814
867
864
149
990
892
774
522
214
352
734
666
587
391
279
979
810
21
339
388
860
223
901
883
406
307
138
436
835
988
160
309
123
886
897
110
242
98
266
404
401
773
740
278
199
190
323
746
68
868
262
583
764
904
654
521
614
746
919
970
31
847
288
467
650
465
368
525
1000
777
228
739
982
400
750
693
297
964
703
444
497
345
69
446
408
752
610
840
899
646
655
810
977
681
26
796
995
131
18
849
504
546
360
335
872
132
622
620
431
225
296
370
492
559
883
214
823
237
394
78
146
357
204
847
568
250
741
273
96
138
275
621
431
758
489
191
104
840
665
10
107
119
518
96
904
805
433
84
676
748
132
213
873
305
444
102
706
830
132
379
680
952
160
710
728
576
887
471
28
576
510
593
295
992
419
225
501
182
875
612
704
398
646
904
480
536
13
751
228
966
821
258
277
768
619
986
500
578
176
116
57
803
67
888
730
350
243
800
523
940
591
806
778
541
163
977
437
984
773
546
680
145
486
454
655
691
805
417
897
878
542
303
103
330
132
501
681
785
696
969
455
136
713
188
222
98
403
229
389
770
767
262
988
850
281
771
101
58
378
448
886
653
2
58
812
344
789
487
506
915
675
582
809
438
178
996
578
751
173
919
773
829
429
159
700
356
799
937
516
515
694
284
960
297
970
826
922
612
691
630
504
521
427
782
400
641
975
765
682
427
817
166
682
175
103
208
458
159
358
595
991
688
704
948
374
50
524
469
914
8
540
881
723
880
370
538
436
760
784
894
203
776
691
631
861
944
387
541
310
628
144
972
812
3
890
394
538
141
135
842
846
879
96
601
729
338
298
52
827
506
656
62
523
300
491
539
305
445
964
569
454
982
204
122
731
25
839
179
243
327
598
216
131
492
533
819
876
64
311
262
298
988
217
608
55
647
596
939
575
919
221
577
574
224
513
34
711
40
249
328
232
585
897
38
703
181
775
614
351
130
597
167
388
341
696
288
979
54
499
912
466
267
717
190
507
275
376
653
22
215
838
244
521
181
868
836
351
78
905
631
826
837
239
25
797
83
43
830
660
741
798
154
738
467
297
964
360
721
186
650
918
559
605
956
800
143
501
37
442
809
964
198
958
973
759
676
666
644
911
868
330
260
327
965
806
56
690
128
783
843
731
852
410
887
119
836
791
794
891
10
544
169
325
868
866
213
193
66
197
986
590
45
490
872
777
628
15
323
954
413
287
423
509
654
27
443
384
744
518
56
968
296
196
776
130
131
886
660
943
386
509
77
528
446
901
620
472
704
461
144
443
539
248
207
281
80
375
691
67
863
474
190
798
532
891
528
128
103
372
987
890
380
979
965
323
532
182
676
860
767
302
646
672
270
947
263
257
597
302
20
583
689
86
693
518
216
590
236
442
253
758
911
682
146
594
268
835
713
146
430
182
66
290
133
179
605
919
152
871
121
916
831
400
57
871
603
956
211
786
985
865
86
701
216
12
384
335
158
264
976
542
376
576
121
939
995
266
833
999
49
155
845
803
720
323
72
576
837
632
485
49
718
592
936
675
549
266
721
95
740
619
491
266
435
180
185
246
917
585
369
480
776
392
495
120
598
224
430
628
408
409
37
187
435
837
486
559
494
353
994
185
550
905
156
177
490
159
271
828
865
4
798
912
77
866
140
733
689
134
515
742
319
806
499
317
142
543
479
330
580
160
957
374
627
956
590
781
39
450
516
188
576
219
680
333
320
167
965
958
726
845
739
873
979
756
132
580
919
951
543
237
618
324
21
576
68
615
815
732
375
767
659
968
329
553
873
603
967
609
11
551
255
830
886
335
342
637
425
518
401
952
80
566
162
765
185
59
761
955
185
649
610
342
999
859
418
7
527
256
976
364
570
146
313
157
643
416
100
792
138
670
828
228
782
66
621
77
14
338
785
562
855
0
276
107
179
682
751
238
291
45
200
830
779
76
55
761
833
53
156
882
999
483
785
345
692
217
568
840
447
426
702
570
553
328
45
183
542
316
898
263
829
759
63
843
785
793
573
301
303
346
102
966
463
472
332
593
238
53
846
795
777
453
13
222
266
486
987
205
673
360
694
369
241
446
333
347
280
172
110
852
636
543
235
386
897
644
463
102
221
302
638
364
505
493
942
883
719
455
589
418
919
616
579
792
998
326
501
695
313
371
818
18
456
75
322
51
127
401
351
227
777
576
519
753
411
461
469
747
803
310
536
193
63
844
826
568
962
222
288
367
699
905
276
62
74
874
65
116
2
898
352
547
571
127
206
282
403
860
617
712
808
764
863
224
225
745
594
941
791
970
195
313
828
736
247
186
606
47
510
151
547
711
873
991
141
379
266
602
988
275
643
64
922
166
234
624
327
451
596
278
796
393
523
412
76
761
455
132
787
522
902
317
91
577
401
329
932
516
751
744
631
54
170
958
506
668
428
424
513
484
505
385
92
38
831
537
450
710
193
312
631
738
331
728
130
570
596
805
20
719
939
940
583
995
271
309
959
365
595
46
14
141
740
610
54
924
283
360
583
854
675
137
976
90
837
339
182
932
562
60
104
50
720
619
437
633
668
702
69
612
505
407
446
767
44
26
675
983
808
764
766
986
847
98
68
654
201
596
621
462
324
821
51
422
687
89
164
648
662
872
500
379
38
643
926
151
724
1000
110
734
15
566
658
741
951
525
41
82
633
746
333
512
947
349
301
59
160
227
480
836
395
481
9
545
279
658
37
389
27
778
189
741
85
20
222
655
585
27
747
517
141
947
8
848
197
310
136
955
335
177
753
719
102
783
433
40
605
264
615
550
297
80
169
521
472
878
917
866
176
611
854
772
761
686
814
639
350
307
618
81
150
816
288
721
828
106
115
647
555
830
86
351
826
92
657
642
124
804
903
907
667
389
659
707
78
528
846
645
715
721
393
717
78
28
790
277
225
798
807
403
598
117
380
406
459
851
288
124
520
359
905
420
577
959
397
227
708
949
997
929
188
435
573
238
909
566
526
241
141
190
217
722
27
586
41
80
736
108
56
314
791
564
209
449
300
912
251
242
604
269
805
426
383
724
470
382
715
495
373
720
792
125
1
38
270
747
590
447
116
544
41
479
632
932
574
686
666
459
869
368
329
636
928
390
879
278
975
787
312
156
65
264
797
493
196
441
59
123
740
681
713
38
686
647
111
26
731
949
250
604
509
564
692
672
359
950
366
858
853
538
669
181
852
760
51
732
795
664
191
982
330
120
664
230
807
42
654
444
518
918
549
968
618
440
217
120
380
3
442
718
109
79
441
707
280
8
31
347
276
954
917
927
94
128
874
930
831
939
924
646
899
217
113
478
94
150
674
562
408
101
230
401
161
144
839
694
891
357
648
869
219
847
729
159
944
748
827
752
34
276
510
845
96
61
91
327
966
706
639
825
45
968
847
571
257
747
169
972
956
719
334
28
451
167
790
263
534
828
82
757
931
567
396
370
160
341
3
28
655
935
39
143
583
0
719
980
965
315
939
638
638
376
466
347
383
947
448
749
884
344
654
846
147
789
816
887
431
907
438
704
922
141
473
280
372
485
633
888
713
314
532
330
77
636
535
185
140
598
515
335
333
51
797
238
315
420
46
51
97
147
529
759
413
750
55
780
322
230
878
356
947
655
897
907
917
101
489
545
229
711
646
991
228
442
944
101
224
343
596
267
630
229
101
905
748
561
490
831
713
207
555
790
799
888
113
883
226
864
696
200
94
221
411
695
727
896
142
680
412
439
716
703
210
463
316
528
424
873
939
532
23
872
383
489
65
112
875
916
477
447
389
136
581
579
354
448
630
2
717
310
129
131
812
407
809
328
968
256
47
474
304
62
27
92
389
37
360
329
556
192
321
147
854
235
925
445
539
431
588
529
252
663
974
406
22
997
517
112
539
697
521
197
951
839
609
0
119
110
192
607
818
17
901
394
152
797
805
476
955
403
479
260
348
297
90
560
461
464
429
90
734
482
598
673
891
963
486
732
431
108
497
763
799
330
963
475
483
676
320
559
940
188
17
684
137
153
958
931
158
795
268
492
746
363
612
578
968
783
855
229
680
653
7
348
5
387
419
69
841
742
39
346
905
572
206
545
455
887
682
748
848
758
988
955
990
862
89
151
174
888
318
898
193
361
286
614
782
325
907
610
65
220
789
915
892
456
459
654
233
290
255
1
243
422
872
160
775
505
264
404
762
677
837
910
269
852
918
987
629
894
66
390
407
755
347
601
200
256
641
836
436
838
971
773
460
124
582
746
922
265
6
637
320
661
926
897
670
958
858
241
68
766
810
330
265
315
323
990
363
896
539
458
866
270
679
644
710
470
234
419
716
780
385
892
852
912
624
839
176
958
401
466
680
305
662
567
229
608
211
26
757
339
93
587
534
305
798
529
208
495
25
574
989
136
840
842
731
136
763
127
827
580
487
905
934
523
980
575
722
109
750
674
53
107
183
414
564
953
802
390
35
817
914
909
929
865
41
294
739
149
728
382
304
269
578
307
183
537
437
632
923
108
427
273
504
881
335
686
699
346
516
860
394
0
543
204
639
821
953
905
309
434
192
442
246
724
258
753
546
218
123
199
186
364
461
529
7
473
395
164
916
615
285
430
601
542
691
663
713
98
985
275
524
556
202
159
750
751
144
130
439
953
55
188
217
761
287
492
618
257
910
766
75
703
976
324
545
293
426
32
440
306
93
1
304
376
501
734
530
545
445
244
595
986
984
907
48
631
551
275
180
391
802
75
220
762
721
649
278
706
895
676
386
483
971
511
691
376
886
294
917
78
235
608
672
578
641
937
397
441
465
246
75
272
494
933
509
720
602
250
894
472
575
499
685
477
870
18
1000
857
122
157
844
428
402
287
732
676
824
513
96
945
53
843
913
767
544
396
842
352
131
966
540
717
575
216
100
2
661
144
265
568
637
956
159
482
706
132
585
178
756
482
658
713
806
33
3
71
97
919
412
510
418
813
502
964
621
267
346
42
296
700
291
138
335
632
512
858
935
450
208
383
815
505
707
201
434
940
611
537
676
783
867
874
59
549
583
4
453
703
286
509
896
800
281
275
680
885
782
566
854
878
143
506
619
351
213
114
811
780
13
262
419
566
900
208
36
206
283
238
680
169
218
676
988
991
304
712
500
605
418
771
607
746
101
869
576
995
556
856
128
858
225
926
46
671
495
291
245
300
529
621
76
602
695
241
468
587
352
667
617
571
13
702
5
556
296
426
616
754
280
409
767
261
907
332
736
755
85
519
615
119
855
416
925
84
64
148
587
948
247
561
526
203
413
497
897
740
107
86
183
473
737
6
825
291
343
623
651
963
753
182
41
957
741
752
564
137
84
335
166
329
269
23
120
305
589
587
472
262
754
430
548
482
662
17
202
52
377
566
789
179
586
421
866
21
182
545
889
260
508
662
120
767
898
982
996
903
989
629
899
655
920
381
511
513
500
655
357
334
262
75
533
778
526
612
558
242
239
257
253
712
286
584
324
68
161
900
668
248
385
164
64
565
345
732
566
924
56
516
641
179
919
859
601
952
765
270
56
153
51
531
778
968
808
805
174
258
239
256
806
674
573
250
91
894
628
779
705
315
350
569
175
848
130
257
738
207
609
798
199
171
873
485
704
18
439
190
581
833
901
961
150
272
507
296
995
100
503
650
268
421
374
807
167
312
583
498
5
807
966
90
234
251
235
852
900
932
241
961
890
906
343
198
577
266
465
317
334
109
654
586
206
364
94
935
759
78
267
540
382
163
452
754
681
673
887
857
965
408
397
477
860
587
798
545
614
97
424
516
25
192
406
247
622
287
326
998
384
843
404
806
62
938
523
557
881
970
596
803
781
938
72
986
78
348
752
41
127
876
374
484
43
309
941
149
864
318
981
713
976
848
515
327
374
27
290
298
474
186
329
176
739
53
254
449
949
555
540
179
122
236
319
227
180
2
610
22
735
549
341
286
820
659
138
938
605
720
52
556
308
793
641
893
688
43
467
715
793
753
418
531
596
802
118
756
720
809
391
947
594
275
498
312
226
748
837
181
612
261
474
168
26
7
81
935
805
531
455
110
248
840
818
57
219
385
154
211
232
981
924
400
134
715
97
88
93
464
993
81
459
586
619
828
49
654
788
539
392
783
19
599
111
54
114
671
549
774
988
635
989
562
866
179
333
225
827
973
536
831
471
795
409
986
83
783
701
154
578
966
792
435
965
605
996
461
867
304
991
90
541
753
921
619
773
660
985
794
252
219
164
862
114
303
150
593
913
432
196
458
322
807
566
814
20
832
645
575
636
247
8
547
115
161
527
182
940
364
480
768
164
723
115
726
148
784
208
986
46
84
744
336
756
774
602
359
94
210
664
62
398
171
365
377
678
514
401
317
28
974
54
468
996
952
929
936
718
540
863
285
669
815
330
413
583
109
432
6
146
936
144
304
900
324
514
578
690
735
257
819
264
83
73
420
476
695
947
305
923
542
624
122
855
463
492
259
735
720
617
441
507
752
157
242
554
787
304
842
834
67
825
626
748
58
389
630
196
135
15
271
169
111
207
491
434
861
0
989
68
864
52
739
493
55
676
140
789
439
889
88
29
701
507
517
516
64
506
242
98
980
177
921
814
769
605
961
264
14
517
324
844
815
537
325
194
137
394
935
841
886
75
627
246
553
243
126
737
813
498
245
485
784
115
528
112
829
360
376
461
431
167
241
997
637
621
580
998
539
932
201
207
949
76
237
941
300
413
91
895
527
480
67
129
788
709
128
746
892
433
607
136
469
937
871
34
887
714
203
212
421
940
130
868
104
763
913
636
819
360
319
696
921
870
574
723
634
249
913
567
893
840
5
698
728
992
25
295
327
152
685
862
385
119
118
956
573
67
291
88
415
797
936
376
663
397
514
480
215
902
875
333
754
816
176
650
250
481
313
866
36
881
706
620
545
156
809
948
757
232
285
979
803
571
263
898
861
666
471
719
314
833
472
540
252
435
766
870
332
36
239
590
325
749
598
106
6
314
29
232
188
863
26
76
674
240
20
430
706
784
563
351
537
939
141
193
65
617
483
715
71
754
517
73
832
252
692
770
92
521
944
352
500
777
116
235
733
836
20
861
785
415
517
931
29
55
876
775
164
477
220
846
999
683
483
842
847
616
320
196
640
1000
495
194
815
841
575
462
127
923
606
479
113
566
62
868
944
783
93
796
104
546
451
710
582
450
954
963
226
246
918
448
312
151
353
185
27
47
2
411
401
106
230
477
556
50
333
915
88
30
208
243
456
65
599
627
74
462
964
849
925
52
898
386
364
465
545
528
808
428
447
966
200
806
148
861
450
73
501
190
477
687
513
107
429
736
295
292
555
762
997
318
873
495
563
479
29
40
657
428
989
685
635
125
501
145
907
722
570
695
657
427
757
348
175
123
875
186
700
607
869
431
340
250
304
759
337
25
711
393
750
55
355
156
429
29
851
540
655
800
373
595
749
482
865
606
520
530
326
504
811
604
94
562
981
424
800
790
597
252
286
919
43
619
861
270
677
972
646
267
434
925
779
910
625
142
612
267
579
2
742
929
336
293
32
681
831
637
55
72
264
131
941
317
922
210
402
362
473
153
166
930
120
58
831
179
795
851
880
45
757
291
995
175
146
482
456
799
671
462
214
98
551
966
628
891
328
649
680
879
325
186
916
230
125
477
985
739
642
228
428
483
597
570
760
896
323
155
316
287
538
412
997
115
649
791
871
179
570
632
38
473
134
263
724
209
725
87
595
975
771
778
602
270
987
932
483
313
495
326
785
611
101
34
904
658
999
384
580
917
40
29
557
841
613
325
407
544
29
89
371
42
726
984
41
870
171
548
451
1
673
381
738
191
63
990
207
939
939
257
882
920
797
704
639
209
58
480
577
892
48
83
326
443
39
803
243
452
846
345
842
337
104
480
157
8
669
510
787
315
489
146
704
393
622
82
190
21
551
439
280
916
476
114
806
908
903
513
208
836
862
613
643
113
649
492
608
892
404
503
179
342
293
181
188
654
116
936
422
928
665
498
983
66
706
377
706
741
696
642
248
66
741
475
821
872
311
205
359
924
563
815
6
756
385
928
748
460
165
178
249
836
846
406
640
71
117
825
339
107
840
967
6
740
276
762
310
67
969
242
547
922
757
480
196
633
597
272
256
652
212
310
969
284
611
410
377
444
730
460
275
468
602
848
622
33
142
699
911
345
211
187
320
112
560
224
151
827
685
877
393
702
188
939
61
703
979
528
335
864
689
806
341
14
893
903
628
403
660
607
108
692
860
694
630
523
463
261
67
57
667
526
230
452
426
577
867
422
35
635
207
820
882
292
146
239
175
326
732
474
49
644
832
893
333
43
299
757
295
668
344
905
406
632
143
412
736
466
363
276
946
392
332
259
19
762
916
226
676
103
293
38
983
883
504
930
306
568
333
26
258
346
20
101
414
802
493
139
29
299
408
792
757
423
991
210
271
861
336
967
996
416
638
620
172
96
503
369
196
74
287
677
215
928
792
681
459
685
226
18
208
690
694
383
227
389
416
726
512
224
821
895
434
179
713
693
725
633
91
480
906
418
544
79
462
501
366
397
763
184
826
19
740
407
580
600
610
348
141
885
393
569
48
743
888
660
821
419
547
759
873
311
542
224
552
334
935
685
721
123
318
131
381
766
866
484
632
268
22
890
467
912
177
134
889
461
532
799
464
825
594
107
683
342
101
509
985
36
532
916
790
271
898
356
988
284
311
336
841
695
637
813
825
536
218
238
531
999
726
239
844
594
877
891
850
557
733
433
200
784
278
838
982
77
37
221
203
382
191
989
140
237
799
382
984
818
965
661
106
50
87
81
252
860
513
170
442
98
728
183
903
75
860
764
226
99
355
935
594
655
728
850
307
687
911
944
35
554
564
40
621
770
795
590
416
828
169
642
180
628
998
326
154
171
174
607
571
308
253
132
114
226
540
190
686
761
883
386
400
99
670
424
894
14
501
690
190
284
632
966
414
319
576
987
92
359
235
220
951
380
444
631
577
379
418
38
141
141
254
262
563
318
613
942
442
677
221
674
313
462
363
124
184
540
874
547
161
866
496
112
205
786
289
643
307
358
297
564
21
756
807
826
47
953
750
897
665
551
710
268
235
271
824
456
449
757
804
276
696
50
228
637
617
781
103
193
178
783
598
288
120
172
13
544
501
758
650
204
761
312
35
856
940
591
886
370
361
899
171
547
84
94
339
962
700
759
798
266
907
278
124
399
812
961
102
799
891
188
831
874
527
869
301
241
104
331
840
188
644
703
422
159
103
901
990
324
948
488
896
339
331
776
763
989
152
366
766
833
537
982
491
973
628
171
713
959
865
655
805
89
300
249
513
398
721
0
205
693
560
206
371
347
902
153
282
674
913
463
735
685
52
311
120
452
778
790
96
432
293
555
535
571
542
146
300
469
788
500
937
611
801
456
323
364
1
744
919
979
85
308
755
60
564
554
182
399
488
927
103
765
75
866
331
171
311
844
807
9
231
497
897
28
546
238
493
30
438
722
539
953
183
303
930
548
511
38
591
373
576
778
909
261
732
63
372
107
442
957
492
317
521
262
589
255
979
360
577
670
982
24
206
133
975
694
289
404
256
768
328
612
200
465
174
680
430
785
419
76
280
823
945
856
577
705
866
356
102
705
433
445
920
195
433
351
274
185
394
31
765
63
882
384
959
451
602
495
107
144
836
579
379
938
744
268
918
555
474
962
172
222
527
465
652
10
15
481
183
925
902
904
208
355
621
840
193
521
759
125
236
649
575
752
383
318
69
143
936
508
916
114
504
974
437
100
528
533
204
160
730
898
335
175
280
538
549
731
671
712
749
996
168
832
2
404
89
960
266
777
732
131
154
255
990
328
623
890
2
156
192
790
425
169
834
984
651
399
909
712
427
248
571
213
556
896
242
65
370
653
152
444
508
429
468
256
146
536
118
975
881
280
919
689
831
439
556
305
372
300
938
67
477
624
790
602
417
362
952
799
374
783
602
706
672
97
374
344
202
867
862
585
688
561
461
630
31
689
427
886
347
942
278
163
727
406
431
703
218
8
221
312
780
343
750
203
717
22
284
407
922
6
672
540
921
593
761
644
268
639
326
418
388
43
757
487
918
481
200
826
161
732
621
289
854
106
677
981
132
989
218
30
501
92
500
377
571
149
453
325
285
83
756
93
578
44
120
565
607
769
172
500
666
601
608
964
500
968
940
994
833
743
747
592
583
430
471
650
275
189
323
773
511
873
704
518
567
852
845
793
857
711
494
548
307
355
792
115
942
122
573
197
197
331
73
204
373
57
195
863
74
565
50
269
228
193
487
745
940
736
463
603
392
132
927
929
313
864
71
243
392
826
344
772
100
255
533
645
141
701
501
601
86
244
345
499
799
665
367
515
737
217
125
647
543
351
898
538
215
733
416
604
458
716
964
767
554
397
192
942
542
987
51
396
354
609
572
357
618
803
934
538
409
402
491
308
271
363
508
162
933
740
452
76
177
369
504
324
724
275
629
252
607
981
309
362
364
288
745
922
99
883
780
207
840
174
688
607
621
682
725
514
581
775
758
369
954
327
351
432
397
218
502
489
485
652
496
201
853
317
677
186
218
388
748
438
720
394
676
889
561
163
651
730
84
562
601
25
113
450
404
771
113
104
27
803
987
361
881
460
434
305
798
919
309
108
145
607
851
712
906
712
802
436
323
21
143
11
9
593
946
798
925
693
955
659
546
498
204
794
684
966
288
902
926
577
283
378
627
283
981
880
776
335
724
913
532
657
141
592
181
295
396
642
582
729
906
318
371
572
487
971
243
932
576
113
616
224
414
647
849
513
337
882
547
230
776
447
928
404
517
430
171
527
100
365
720
878
426
712
133
593
126
415
270
268
542
698
73
490
257
427
222
37
92
221
64
593
696
531
394
605
411
979
591
330
154
907
865
594
929
558
9
319
971
533
863
717
942
402
207
627
885
117
455
344
608
906
545
151
539
591
586
653
617
495
643
116
869
184
772
908
340
562
256
927
525
232
54
352
428
626
178
22
46
598
493
45
145
113
894
119
502
125
324
448
707
440
153
235
867
524
932
605
824
50
965
922
390
857
102
126
266
823
97
216
896
625
990
519
393
989
479
32
278
952
552
711
892
47
474
503
401
473
542
815
717
776
115
439
925
482
979
526
447
679
351
730
17
896
104
923
20
838
299
924
922
879
44
150
974
935
65
410
19
316
269
365
831
320
169
720
298
438
482
932
161
774
951
27
388
653
97
490
490
505
661
766
239
950
360
82
437
909
210
337
272
200
432
571
561
393
948
282
722
623
362
72
194
129
943
556
364
504
322
811
921
45
331
604
515
318
781
641
398
305
73
313
40
597
347
147
759
976
380
255
943
647
420
919
716
61
525
634
192
911
370
162
618
97
37
991
73
938
488
288
753
287
176
118
5
702
394
756
936
399
915
258
641
798
878
583
134
357
801
406
954
555
23
81
405
488
537
375
54
617
660
172
623
862
835
922
664
153
494
875
662
583
173
58
716
676
130
704
908
2
65
971
22
481
662
14
224
259
936
780
760
284
348
767
536
512
308
434
201
764
328
951
204
449
157
97
989
825
235
623
934
254
628
175
753
443
915
924
214
402
257
593
36
93
98
365
738
967
887
923
858
126
47
135
930
893
801
204
285
356
552
368
162
956
91
166
86
868
455
752
458
469
613
162
869
649
604
857
252
205
152
263
93
437
346
154
542
444
425
945
848
821
6
78
825
332
772
719
105
710
148
546
46
572
160
342
771
225
989
370
810
914
584
903
748
480
768
803
849
693
267
822
419
420
468
250
57
124
162
638
407
380
428
641
168
932
644
28
455
3
586
486
725
280
237
118
918
582
961
241
488
717
482
171
291
30
859
589
327
872
352
72
125
893
573
926
776
677
73
61
367
574
278
570
737
303
417
154
985
948
722
121
141
710
156
76
761
847
367
28
124
41
640
860
925
498
421
964
902
689
626
944
343
550
614
242
369
364
393
451
311
421
900
969
718
61
784
825
695
469
282
879
759
134
169
365
890
858
519
511
261
59
402
521
772
492
206
412
400
100
53
55
25
921
703
728
809
956
967
655
396
932
849
854
819
59
101
782
560
467
936
113
604
994
97
308
839
477
139
516
671
362
927
510
349
670
272
69
555
594
410
378
428
258
186
116
489
710
285
657
660
64
400
838
892
368
963
819
186
671
218
775
470
908
924
91
292
963
389
24
474
795
925
379
44
487
790
244
746
459
861
106
72
952
298
84
661
473
75
986
655
410
332
156
286
214
541
659
304
840
953
682
100
679
898
28
194
546
810
172
475
39
181
133
852
764
137
431
433
917
613
594
968
265
852
329
244
819
663
665
720
54
115
177
789
405
703
951
571
1000
779
662
604
816
201
172
701
151
354
839
934
962
562
174
933
602
770
99
708
977
226
721
16
733
892
787
490
286
528
206
569
839
136
141
695
578
443
887
725
642
557
318
482
419
970
42
158
604
149
837
570
125
77
105
988
82
783
149
349
664
886
294
460
680
725
573
230
556
251
568
84
703
802
624
525
458
937
102
277
450
260
399
470
572
58
327
987
765
43
646
572
516
379
661
469
222
897
134
968
863
68
944
483
856
604
499
398
688
411
308
36
604
235
16
549
853
605
243
462
225
724
198
853
442
686
475
506
860
207
561
107
369
781
896
170
411
316
602
973
289
808
484
402
876
100
879
316
893
229
275
104
634
706
542
562
227
458
883
78
727
371
369
310
871
527
246
325
937
86
240
385
531
945
144
47
785
288
947
143
467
621
78
171
332
920
904
881
877
764
925
508
777
992
382
703
754
676
122
158
93
449
277
821
696
348
216
244
909
519
952
940
226
743
575
629
956
249
769
651
789
437
44
449
634
146
967
218
536
163
393
886
534
166
196
485
269
306
821
72
626
879
80
307
639
795
98
12
393
771
250
927
818
247
65
495
527
88
284
428
0
862
941
616
461
219
867
745
853
598
351
481
992
948
778
964
18
312
381
96
806
433
53
671
231
394
816
664
165
211
856
293
756
165
936
285
378
778
938
472
863
738
333
836
975
564
898
137
383
642
683
670
826
328
239
712
256
446
955
795
218
828
626
739
802
931
459
815
533
98
912
103
470
490
383
988
96
579
818
333
306
688
326
169
934
798
371
532
977
330
134
714
397
253
297
33
652
805
865
115
94
663
749
709
307
25
310
908
110
907
754
884
557
877
412
797
69
336
343
208
164
112
104
494
939
4
736
672
316
639
602
302
575
20
808
985
389
427
342
679
964
33
69
470
727
654
314
146
601
349
307
905
585
776
19
826
725
472
400
938
780
232
5
535
144
49
65
498
773
311
518
48
576
683
934
241
658
813
695
619
840
797
144
695
7
213
193
457
336
355
148
96
964
577
151
382
479
982
928
309
531
713
873
48
27
84
350
861
410
989
336
483
67
548
670
72
974
327
765
649
974
485
91
442
929
818
871
323
729
55
282
703
145
463
747
795
754
850
764
166
803
323
222
754
122
513
430
475
264
822
126
897
226
590
331
24
459
871
899
526
745
668
715
833
654
918
672
264
593
785
104
73
465
546
252
759
392
954
743
387
172
564
699
481
734
521
237
808
188
362
666
681
109
805
884
438
887
826
567
691
613
829
100
248
840
278
922
640
633
844
855
246
168
139
700
963
59
86
684
709
637
170
335
878
503
426
164
192
786
479
259
553
147
101
47
566
399
964
668
2
537
477
834
679
515
188
600
708
494
654
402
357
784
458
112
42
927
832
515
308
269
46
12
232
136
315
127
545
595
393
216
308
798
406
272
980
928
968
19
127
717
106
665
142
924
501
707
739
454
659
792
877
376
661
966
400
932
651
656
234
235
684
708
990
477
664
636
969
918
957
671
45
512
676
878
532
521
832
879
597
8
737
371
998
400
533
341
998
121
627
359
33
460
576
207
432
187
69
224
850
851
115
877
395
743
648
284
914
509
280
121
513
991
739
420
498
534
762
439
94
21
18
468
973
626
722
960
770
624
398
676
886
327
8
737
624
994
452
470
64
557
336
578
16
893
562
356
121
649
11
72
818
702
434
575
226
265
89
530
396
721
997
897
225
645
558
663
913
287
923
293
311
953
900
277
451
610
384
133
985
737
696
380
361
517
756
402
361
654
155
899
480
606
818
18
967
738
816
100
750
335
381
124
83
869
345
393
549
355
757
461
650
232
42
825
578
585
557
545
529
206
402
789
395
119
293
691
507
884
347
258
911
219
694
788
150
745
309
854
167
258
631
399
52
989
5
348
718
275
395
943
265
194
442
553
72
744
246
948
647
859
326
918
392
329
881
838
793
967
760
344
263
731
91
215
274
271
359
617
660
553
692
687
797
125
161
316
521
953
325
294
657
292
51
184
153
850
726
671
853
915
527
724
15
924
166
320
744
713
370
76
317
158
814
772
793
552
279
571
232
833
956
860
711
537
482
524
503
211
830
116
74
798
247
634
94
146
655
53
857
401
356
106
438
427
909
805
795
237
312
812
525
300
245
517
411
816
352
46
713
417
773
935
325
630
387
497
334
402
560
177
908
964
777
283
102
159
973
158
755
9
132
85
559
396
906
532
62
694
734
211
134
861
888
870
696
616
197
727
865
259
862
647
506
647
419
333
196
852
994
60
843
966
189
553
816
143
424
372
463
529
272
183
946
82
280
848
13
146
428
812
188
487
890
923
9
990
845
159
761
627
366
4
907
692
307
278
73
483
953
192
886
854
690
933
265
839
983
907
671
319
283
502
10
480
364
649
337
124
791
625
737
802
765
24
134
512
191
297
515
699
788
115
376
764
161
502
602
737
442
7
169
175
668
569
970
845
855
250
279
391
490
631
416
743
38
913
352
964
874
522
651
398
878
952
8
133
492
398
795
273
112
357
850
869
960
185
502
986
337
9
289
158
675
507
408
953
545
389
907
55
110
667
489
341
546
141
543
437
189
292
250
203
894
312
684
385
907
799
797
606
493
335
838
110
386
985
308
22
721
759
739
436
737
311
254
643
349
330
677
749
476
637
596
719
991
514
107
697
795
461
147
157
415
941
983
981
342
461
990
469
389
756
756
868
105
909
50
456
570
61
689
352
939
250
68
535
166
833
62
429
21
726
940
720
455
981
471
766
327
147
265
994
613
411
598
829
725
716
566
508
356
738
131
570
140
861
691
167
923
610
103
3
764
1000
165
318
651
307
685
872
373
822
53
876
120
794
105
731
252
870
503
580
205
191
252
707
465
268
155
921
25
503
808
100
592
196
654
502
896
28
797
486
509
426
926
414
318
67
688
776
997
676
979
492
692
978
301
915
620
785
690
55
14
360
702
619
716
404
445
606
232
1000
870
521
904
713
131
155
446
973
157
990
755
220
535
609
278
489
873
799
909
396
434
553
857
357
707
467
951
832
210
487
437
13
691
573
273
37
87
532
990
851
269
157
365
507
924
22
884
156
472
834
903
114
198
199
47
203
702
500
457
889
717
315
387
156
270
252
450
494
77
49
291
795
384
990
525
847
465
377
969
535
741
595
380
650
43
240
220
154
892
609
677
765
674
839
931
559
897
282
86
393
720
433
154
794
36
664
64
651
99
81
730
481
12
455
517
132
842
676
295
953
879
673
626
574
562
111
234
340
25
462
812
248
962
353
352
687
300
437
866
88
926
983
387
646
540
671
885
345
445
609
173
317
56
698
164
373
695
456
79
892
688
143
37
181
560
770
404
322
387
612
615
896
119
883
726
861
7
291
836
810
460
293
177
798
276
828
633
586
747
889
549
475
301
679
978
634
417
706
923
434
140
537
119
547
872
112
5
747
695
399
202
860
649
150
350
464
794
461
820
693
643
294
526
415
806
185
504
963
283
389
528
856
109
531
438
478
716
376
939
549
402
1
882
657
510
750
357
270
786
593
941
304
277
568
366
814
780
984
89
894
702
173
398
927
607
425
660
228
445
457
168
95
540
851
53
745
296
914
210
475
563
651
916
451
859
253
458
518
762
366
843
360
941
240
857
484
266
924
104
206
342
587
852
69
421
847
588
611
149
714
708
104
232
972
895
684
736
818
222
39
532
910
613
958
165
407
373
620
570
102
348
520
481
105
164
877
302
713
932
308
330
116
747
161
526
254
327
415
638
772
212
762
501
393
286
646
796
820
235
781
775
206
771
393
875
902
986
316
797
892
961
121
791
100
676
63
938
975
860
350
620
383
772
586
1
198
887
16
197
548
826
476
701
630
901
641
398
140
713
100
460
876
998
775
276
457
728
779
420
535
378
27
918
609
63
305
749
873
345
31
46
657
396
289
66
167
118
599
464
766
300
799
375
742
67
929
777
836
878
795
33
821
42
642
150
892
592
53
952
69
846
123
649
6
260
483
612
422
100
85
736
674
814
600
756
708
394
748
793
585
99
215
951
986
596
981
879
419
407
543
124
601
103
131
245
829
474
94
343
696
945
312
997
75
217
608
300
498
478
198
929
939
97
138
735
489
221
540
839
798
114
358
359
154
896
550
898
141
800
380
265
332
783
559
555
930
9
761
554
189
466
117
460
402
311
24
319
631
285
435
341
481
12
140
246
419
444
247
259
973
94
831
849
872
612
758
712
955
855
389
911
962
40
823
682
42
944
896
164
160
193
227
772
428
335
962
526
127
330
349
368
211
377
466
415
617
