978
883
970
869
57
93
86
369
855
173
753
828
685
874
315
257
620
217
621
36
595
697
162
441
653
402
822
740
880
521
972
380
557
958
455
514
274
922
36
891
28
372
476
954
326
929
389
433
913
905
538
168
573
181
241
236
24
180
332
177
139
522
522
368
526
690
573
186
915
456
815
424
752
537
928
930
781
372
808
607
362
370
879
984
456
165
977
772
409
732
756
472
670
543
255
501
285
947
510
512
527
851
815
362
677
904
465
921
924
472
359
581
743
942
570
741
467
498
674
227
963
332
834
716
855
170
897
929
631
274
791
933
491
316
310
980
818
723
851
516
575
530
519
667
630
602
416
319
748
212
500
524
375
956
700
638
903
77
803
840
349
743
8
929
834
195
762
108
60
588
668
50
279
605
232
698
896
937
108
772
534
139
874
272
250
844
215
966
901
61
433
919
734
777
32
58
371
368
176
255
688
24
84
117
977
69
25
41
746
940
21
382
261
130
832
958
160
752
188
535
708
1
394
603
44
813
253
155
994
37
4
352
960
630
642
760
765
115
292
345
500
31
315
459
564
784
619
757
46
923
270
773
411
883
636
722
157
484
981
230
95
676
703
323
858
104
24
458
807
895
970
130
530
598
799
402
498
527
335
147
895
982
349
265
268
620
993
429
668
18
716
571
982
143
686
58
259
34
134
165
174
98
464
650
237
520
938
725
956
32
252
238
731
455
75
256
82
605
233
639
810
819
638
726
368
262
700
433
285
538
768
4
154
36
393
418
164
113
524
741
89
246
104
102
20
186
768
237
107
222
25
533
685
475
464
317
548
657
389
217
701
928
778
986
215
746
825
444
435
523
21
595
605
52
902
428
951
537
595
185
942
96
679
821
491
374
19
531
983
943
121
625
375
296
706
954
381
315
19
895
701
422
103
107
313
203
860
793
688
845
16
831
462
61
420
652
497
474
213
910
602
628
75
5
291
24
381
313
957
740
78
224
773
502
196
118
585
382
401
733
474
143
771
353
404
908
124
260
124
125
82
631
870
342
656
400
982
217
709
107
25
633
674
481
795
44
740
722
509
297
366
982
468
144
817
383
275
495
538
886
489
736
977
745
823
429
954
503
856
696
303
404
237
160
500
610
265
561
437
712
695
715
940
86
599
745
837
589
98
72
364
180
558
150
825
426
919
68
817
88
933
916
697
829
663
38
131
997
303
399
237
725
686
906
697
337
449
176
536
293
114
159
553
972
992
773
433
98
336
528
254
732
526
263
173
916
161
472
970
720
240
413
895
367
801
782
587
746
148
477
451
736
30
829
609
392
902
754
184
402
522
54
494
280
414
259
727
748
959
422
722
663
483
368
985
560
338
730
763
933
674
83
779
839
872
743
230
545
636
192
412
835
682
391
1000
902
650
936
11
320
475
536
728
928
904
477
665
181
835
96
17
412
965
221
746
582
620
395
927
220
905
995
102
399
835
571
785
820
204
280
762
943
600
594
196
501
823
626
141
8
627
694
444
493
259
525
579
177
478
729
209
995
989
778
74
358
3
927
497
545
857
685
674
67
772
605
496
947
690
944
342
470
273
898
514
471
28
81
628
772
355
177
777
768
961
803
414
261
691
640
806
853
884
736
138
55
166
511
390
475
691
301
159
10
289
570
478
990
1
375
34
550
870
391
577
453
209
891
692
315
510
664
136
495
706
551
728
936
309
78
264
844
320
311
341
661
971
814
319
669
658
402
530
860
942
95
520
648
215
400
610
543
868
871
153
817
516
643
91
315
41
238
972
468
574
237
535
284
62
980
114
114
691
838
806
388
877
373
218
326
364
79
342
468
371
170
509
452
890
298
472
916
137
943
735
452
654
221
951
279
334
162
101
909
243
480
194
770
694
866
382
189
364
143
814
138
238
275
827
563
648
387
409
827
843
767
350
287
899
737
948
609
514
594
706
749
971
328
760
409
769
730
890
721
958
647
771
992
733
298
544
637
652
686
74
376
315
404
495
178
264
980
922
362
451
488
89
915
945
190
322
983
388
130
991
28
106
359
171
367
78
939
899
904
749
779
667
446
8
555
328
242
844
853
608
399
554
291
480
653
922
154
368
323
206
948
510
97
994
145
802
209
339
257
144
430
369
256
91
350
192
252
724
245
745
625
47
344
962
381
663
786
626
63
882
147
181
871
64
440
454
797
278
135
328
535
590
865
119
346
663
786
727
625
980
404
233
55
401
784
485
501
634
892
324
557
857
636
611
92
602
522
551
680
507
410
860
708
465
173
421
395
537
463
47
899
110
462
605
131
121
959
943
696
512
937
179
79
402
313
468
817
724
9
259
108
684
359
225
177
25
150
437
685
94
344
994
839
664
476
50
878
920
486
247
66
493
142
572
31
141
712
514
555
61
49
204
559
940
6
841
833
535
345
698
541
896
244
143
380
503
1
134
553
119
252
110
477
216
817
54
630
220
641
388
344
637
663
879
403
925
957
734
537
519
799
938
691
166
523
107
853
837
155
642
980
215
177
386
206
304
348
441
147
437
133
407
321
816
306
830
101
575
102
484
278
291
540
783
500
286
234
430
719
140
715
560
674
106
31
616
564
769
206
217
199
400
593
40
660
141
640
24
760
268
719
739
486
552
48
754
790
881
842
229
855
147
612
320
39
705
200
110
143
651
710
557
938
190
781
978
94
703
920
889
475
644
298
986
213
161
843
332
717
839
283
870
924
530
582
69
422
919
425
683
737
34
466
304
675
882
124
651
719
751
278
966
932
16
219
428
341
267
550
745
401
607
538
765
945
913
205
440
790
131
709
174
805
895
458
892
465
993
354
392
484
627
260
629
195
594
487
455
196
773
480
870
587
345
316
72
174
378
619
641
880
482
227
786
630
669
674
590
906
131
698
956
315
890
212
548
856
843
306
100
12
807
891
29
202
320
59
326
546
262
811
741
680
351
842
451
73
429
481
853
728
18
289
593
588
135
217
154
166
621
789
384
738
66
648
602
457
936
285
660
84
507
490
820
807
937
243
154
578
306
869
987
876
948
232
207
633
720
944
895
342
605
630
719
401
536
416
240
659
218
574
63
267
681
255
141
965
636
749
400
844
446
122
993
466
401
404
486
984
389
291
220
246
229
56
545
537
837
907
92
617
968
556
690
3
55
396
724
440
411
236
527
279
103
373
522
369
532
964
801
504
594
71
721
471
752
719
226
286
25
30
490
42
132
664
145
211
329
247
550
49
630
148
661
302
965
780
104
656
571
553
88
694
686
139
447
724
143
34
317
523
676
274
484
48
967
569
363
782
348
702
944
99
620
368
109
623
803
356
372
814
970
963
651
282
824
489
917
289
521
614
990
153
26
45
348
444
857
648
8
357
688
998
547
732
51
882
678
78
706
553
518
624
788
445
438
429
245
809
186
166
628
46
16
607
778
989
736
846
361
689
185
301
20
926
890
41
991
252
579
806
956
916
224
412
64
930
368
113
951
611
934
69
248
238
563
194
105
6
708
415
81
512
873
287
595
667
226
53
538
529
540
943
412
437
936
801
129
158
437
132
470
752
381
54
997
981
585
187
528
837
450
968
447
613
973
841
818
889
663
456
166
507
608
130
873
359
149
23
257
722
191
1000
154
653
422
583
645
256
452
481
475
192
433
445
275
793
224
361
768
647
975
32
840
404
636
855
28
436
309
953
860
24
996
931
560
488
582
267
702
277
253
477
729
467
373
534
867
633
472
929
679
252
569
867
547
163
471
295
975
958
772
370
429
112
517
700
919
251
764
993
668
675
981
396
119
443
612
472
639
533
465
92
986
759
990
853
399
463
631
964
784
728
712
756
371
935
817
570
357
169
150
239
680
917
664
178
418
461
510
725
739
827
176
416
270
933
320
584
938
414
306
662
731
802
992
917
270
686
321
683
11
410
606
41
211
465
103
117
10
964
857
371
330
619
324
750
415
182
765
853
947
333
801
82
539
614
491
411
634
941
241
455
906
96
617
18
352
31
310
505
143
731
724
52
9
337
415
489
667
919
628
993
5
896
493
654
928
588
208
228
758
626
335
169
341
310
799
850
400
581
612
743
497
476
780
286
87
515
218
586
375
247
370
865
380
820
185
916
247
552
830
664
739
639
230
214
600
479
243
407
883
272
601
208
523
883
165
1
415
785
484
757
370
664
184
693
202
744
717
621
947
186
864
496
629
6
809
751
136
939
215
720
222
1
636
85
467
797
653
201
758
189
279
404
631
856
22
10
368
898
118
312
36
584
373
483
389
124
77
981
473
180
146
824
900
900
788
464
932
983
656
64
273
151
890
495
550
76
933
827
918
539
724
818
299
293
937
27
560
911
573
213
79
427
933
128
190
600
315
475
947
202
877
40
713
345
470
802
63
157
233
873
633
359
650
314
823
716
660
110
870
194
159
833
944
227
29
330
121
279
106
381
793
73
516
829
943
872
998
980
975
734
628
138
359
134
980
433
750
760
200
317
566
779
20
770
17
348
654
153
736
75
881
557
771
48
140
995
755
505
427
693
366
492
678
302
304
65
911
640
154
984
756
117
7
840
92
919
146
360
911
866
729
159
971
307
794
580
694
900
944
548
132
91
952
234
585
743
797
763
235
824
342
92
896
191
683
447
215
420
665
672
38
853
994
342
439
947
509
668
573
353
946
189
539
978
120
672
883
43
128
701
974
387
148
431
784
783
755
228
648
274
630
553
718
926
126
88
526
854
584
737
633
181
203
677
636
690
726
74
550
969
321
132
514
242
243
694
466
689
415
466
109
321
237
48
352
109
403
18
576
119
764
830
265
361
567
246
345
433
232
44
143
171
982
133
954
745
850
962
175
401
154
106
660
307
782
436
474
7
113
432
1
705
98
853
33
194
444
1
197
814
877
389
838
321
867
158
178
274
873
272
829
263
583
238
988
529
969
832
316
316
576
426
510
495
884
862
395
784
301
402
177
668
824
430
301
809
590
471
539
434
588
705
329
552
73
576
8
261
949
422
907
596
471
741
91
913
858
868
513
554
481
536
654
285
161
988
223
378
834
108
752
227
216
443
129
995
522
910
195
519
399
913
832
166
886
72
315
833
466
144
771
527
94
754
382
695
190
225
919
805
566
43
446
575
32
919
400
559
782
309
238
165
744
408
810
226
917
884
957
205
587
844
234
513
917
261
564
284
620
268
162
26
661
634
982
409
524
932
734
52
57
801
502
199
567
331
961
299
750
980
927
661
47
478
343
188
457
48
212
376
263
997
761
455
270
691
514
901
256
48
736
328
11
427
668
231
187
392
706
697
492
137
432
711
303
75
672
996
177
781
808
55
429
919
852
67
990
544
595
156
21
31
374
219
999
696
667
579
776
551
487
441
963
686
928
792
627
704
603
337
105
859
7
78
210
23
738
542
867
981
788
849
908
539
31
158
29
302
261
122
18
658
600
20
951
358
920
281
108
396
680
925
687
649
673
191
421
9
242
222
907
166
925
633
733
446
556
889
33
588
283
104
245
599
248
48
221
838
684
242
696
844
180
639
923
832
0
174
978
126
597
204
660
247
288
338
707
85
897
662
210
649
134
583
806
981
255
108
368
503
708
191
215
218
396
290
3
86
234
838
578
313
668
380
299
554
793
968
984
319
678
43
783
317
998
91
486
513
673
143
622
580
363
293
986
928
638
432
609
435
908
660
832
101
974
548
191
661
619
238
945
639
650
135
66
472
83
621
146
491
30
155
384
194
490
383
535
667
138
443
964
205
106
346
349
315
447
140
253
603
265
482
824
333
946
1
747
935
848
46
7
117
212
300
57
808
452
959
514
777
228
211
248
859
78
33
27
114
396
114
425
576
959
607
434
641
526
970
24
770
900
761
27
177
127
932
895
940
204
848
231
82
919
731
285
531
940
549
931
274
116
791
826
186
788
610
309
201
753
622
88
180
696
991
31
934
6
684
106
927
668
820
471
478
18
659
914
600
2
861
917
992
232
837
717
339
688
73
246
914
710
285
801
776
998
885
118
172
983
198
86
432
864
283
872
507
119
279
610
637
149
893
331
385
224
601
229
202
877
502
453
115
497
402
671
892
326
731
832
61
470
42
439
470
743
973
682
971
726
708
895
244
828
566
417
566
659
769
884
908
57
800
675
830
540
990
412
275
121
461
295
310
767
972
905
430
245
772
693
901
835
845
783
168
901
706
249
890
121
770
29
283
548
716
131
399
901
443
596
748
32
692
702
139
723
656
44
61
947
211
38
844
928
934
730
260
551
782
855
186
160
509
356
690
86
722
443
565
624
871
167
105
427
294
250
4
646
213
788
272
59
839
230
961
832
220
701
493
902
536
767
502
462
982
778
972
16
39
317
417
865
540
638
665
967
543
221
839
434
100
465
472
539
850
674
174
571
177
306
631
966
148
733
558
871
127
528
191
28
342
743
801
55
625
761
622
279
642
826
406
331
999
613
609
590
643
132
68
582
255
144
599
937
978
348
720
329
55
913
827
870
217
895
609
50
195
370
62
13
791
700
497
407
619
153
721
49
608
664
426
69
329
167
542
528
251
107
268
862
830
258
350
509
738
934
695
283
476
745
804
216
338
563
3
628
868
1
767
615
756
603
942
102
417
971
436
431
627
469
893
576
287
427
776
923
980
5
260
28
17
166
623
660
357
221
221
971
840
94
908
916
564
362
301
942
930
347
50
113
351
691
741
306
184
962
674
842
148
262
269
501
524
563
880
791
549
270
301
579
333
531
782
602
933
568
476
442
831
396
85
404
81
928
534
153
109
328
403
495
784
893
698
594
82
762
423
411
462
632
865
996
273
940
938
833
494
20
560
509
851
545
368
646
431
908
766
206
620
848
85
9
176
853
692
268
730
26
298
832
988
994
34
673
434
796
319
406
719
253
844
680
441
827
518
274
620
384
401
277
0
271
186
887
294
7
203
22
203
188
333
803
284
583
195
775
694
712
344
909
398
600
129
22
50
104
254
421
673
121
388
317
141
281
205
415
987
32
689
881
431
848
422
348
72
215
463
970
146
705
544
655
835
472
410
490
723
276
834
635
936
231
437
471
242
645
910
846
511
651
279
213
699
485
884
932
857
385
28
271
542
256
931
305
322
222
587
941
972
649
427
51
85
96
858
189
944
991
175
350
293
825
545
230
670
200
778
964
643
77
105
512
260
542
463
345
518
774
149
874
193
234
121
308
537
497
777
491
464
647
710
792
524
347
288
963
153
467
455
29
904
432
802
542
408
187
941
900
237
610
329
532
424
291
454
136
919
282
374
656
429
699
911
699
681
32
163
796
379
711
835
698
853
535
922
874
576
985
222
597
593
442
347
554
223
820
277
693
142
794
703
316
593
616
1000
241
652
591
76
15
698
546
711
744
839
932
787
496
7
893
556
205
11
69
566
662
351
173
404
184
613
606
773
307
883
424
331
159
596
965
644
9
701
535
597
786
476
939
828
927
20
389
805
757
171
921
186
252
687
121
465
216
350
228
80
312
52
98
274
444
98
990
713
96
205
722
389
199
431
580
721
251
836
492
646
667
222
74
140
864
572
83
374
911
742
198
221
365
707
487
366
830
286
934
185
457
772
651
516
283
556
603
852
91
27
538
558
150
336
569
249
240
848
226
248
783
419
725
444
295
141
703
317
676
3
447
512
675
643
470
143
982
316
339
531
986
597
106
951
152
963
542
712
699
414
608
381
37
719
417
996
504
957
395
1000
779
996
762
93
88
510
476
485
713
47
807
714
678
177
1000
255
757
359
402
330
855
695
627
328
611
256
607
677
770
741
725
568
469
600
806
424
431
717
758
134
936
815
542
633
151
195
927
758
217
652
216
106
46
49
429
76
410
558
837
472
176
320
386
132
788
4
24
413
422
616
152
190
788
574
306
791
144
105
114
191
214
219
719
200
118
351
40
801
245
344
43
516
748
922
776
686
545
152
341
39
536
732
291
248
134
562
243
755
245
879
704
448
50
546
519
414
310
718
499
533
961
33
186
839
585
244
83
359
31
490
800
608
19
775
443
121
232
392
340
635
712
481
105
249
474
814
72
986
617
660
526
547
231
158
26
490
449
803
968
323
629
448
489
458
786
316
135
631
624
303
596
943
955
858
502
315
902
68
96
23
870
833
898
433
764
122
327
48
313
799
22
211
590
942
154
365
658
642
863
355
999
671
816
144
94
273
629
125
842
64
152
576
812
249
6
904
899
842
294
605
163
731
32
392
358
832
88
316
507
667
469
812
171
777
904
959
597
60
777
852
246
410
739
258
711
779
792
346
190
579
972
583
467
351
82
292
944
313
941
917
893
212
75
74
351
525
488
561
12
690
132
656
371
370
296
778
486
527
9
148
687
598
360
721
558
604
162
277
258
935
271
150
679
795
24
843
426
129
411
394
894
766
125
526
643
829
358
417
324
978
989
260
324
506
37
312
404
288
70
72
829
795
926
669
839
856
744
488
142
186
843
676
123
956
419
570
889
269
965
535
869
874
386
838
22
642
451
759
800
32
912
140
204
11
130
461
736
501
869
17
250
839
743
560
750
749
742
989
864
782
656
764
249
653
949
537
644
786
64
801
720
305
606
824
850
152
211
545
870
942
476
223
861
912
294
495
973
747
79
155
501
52
255
257
278
609
17
913
50
578
351
534
267
388
450
512
782
730
646
887
14
354
630
690
982
355
225
259
14
56
353
414
17
623
521
244
458
122
788
658
464
17
707
902
569
837
972
462
340
161
452
324
786
628
303
711
813
609
332
276
157
735
559
860
574
412
312
52
279
662
325
516
923
727
570
429
919
563
819
292
674
173
80
852
940
698
140
311
578
415
374
573
506
66
774
629
268
701
894
477
294
123
691
551
816
595
794
714
989
903
856
275
306
107
893
992
620
547
892
908
744
618
106
922
768
616
420
743
649
642
975
46
769
27
997
601
426
641
211
329
206
988
467
854
569
292
705
877
476
337
987
381
415
340
8
575
540
640
673
484
247
491
759
834
201
666
925
575
456
700
975
850
628
621
741
638
210
112
902
401
546
153
406
593
385
164
605
901
696
885
403
933
331
786
12
396
425
646
314
60
308
108
249
568
846
758
271
301
820
13
751
46
933
337
26
381
857
928
301
706
728
903
985
773
398
717
952
781
437
226
152
776
594
37
659
540
507
577
458
877
863
780
818
182
197
443
880
481
552
565
63
952
808
97
901
73
444
308
439
331
276
545
198
640
547
752
447
86
669
126
673
803
198
14
788
711
461
88
417
636
188
683
625
599
696
74
800
953
840
720
357
425
559
488
629
576
398
283
10
746
206
920
14
485
902
943
564
53
139
598
528
406
485
654
432
368
174
736
890
207
818
293
401
421
62
427
837
426
201
965
403
526
368
574
845
131
498
544
535
779
196
719
351
979
816
610
84
380
602
891
46
910
994
842
117
131
692
597
162
474
272
449
795
97
894
116
606
982
327
0
497
581
315
753
271
536
209
199
972
302
954
459
189
959
867
193
766
399
742
800
261
808
544
725
834
595
717
998
955
626
56
884
338
26
379
312
425
319
664
991
473
851
672
358
792
715
869
276
219
928
641
603
391
170
300
455
641
376
121
874
929
474
414
141
741
383
748
661
896
558
507
28
205
835
749
290
577
36
918
640
0
686
70
621
131
94
2
21
207
741
191
520
934
11
360
573
365
85
85
484
697
726
689
230
859
416
948
736
953
282
241
635
422
57
164
720
355
241
311
442
412
445
796
195
189
813
817
407
770
507
994
286
818
177
406
745
398
226
211
828
821
881
107
549
423
497
117
945
35
96
252
500
188
668
255
150
937
373
648
60
354
862
932
7
552
962
298
984
253
203
853
294
886
182
915
26
258
486
611
538
979
904
587
494
693
178
645
439
762
163
93
34
223
396
451
852
808
83
344
997
143
861
829
68
609
646
315
413
788
278
152
550
535
113
852
909
549
396
783
958
183
963
882
360
154
537
341
401
607
80
939
162
122
724
286
449
790
598
252
240
402
280
184
209
843
806
793
388
664
529
907
671
328
76
307
733
500
651
785
271
782
8
438
293
288
954
279
697
29
684
918
713
263
276
793
900
576
483
51
949
984
625
681
697
892
407
193
731
92
966
612
422
827
323
127
266
532
379
531
916
124
334
301
251
140
93
606
737
559
954
93
433
997
157
160
780
957
868
155
416
929
484
590
382
915
548
75
676
804
947
440
341
944
986
68
627
73
469
167
863
422
244
719
560
345
933
436
854
881
881
654
542
508
660
813
799
657
251
933
988
354
819
680
499
772
612
969
973
13
847
280
537
898
214
48
327
714
594
305
547
250
370
50
448
291
83
375
433
668
993
832
735
613
182
157
105
537
219
949
772
240
520
714
605
225
454
309
698
556
755
852
551
352
196
811
588
866
53
178
750
335
571
379
341
642
419
365
621
503
188
600
716
818
798
196
310
986
438
869
353
192
744
932
596
274
934
866
613
218
785
882
543
885
463
572
476
695
225
772
499
650
629
343
617
788
294
925
344
548
599
880
876
370
3
458
808
696
436
325
798
807
24
815
270
210
839
410
822
902
9
528
222
36
505
827
716
187
377
479
392
925
607
783
491
762
575
17
216
254
342
117
896
916
219
937
164
233
730
254
799
316
733
100
544
135
910
886
614
631
38
158
855
786
6
766
469
594
53
642
605
243
361
882
837
370
630
588
903
60
978
689
952
862
260
629
207
827
649
583
858
568
493
852
240
189
344
401
565
823
229
757
698
932
879
746
144
687
166
652
312
231
472
792
271
837
275
237
417
383
221
442
838
751
79
76
956
127
165
945
363
786
400
418
451
171
872
4
467
156
507
910
437
86
426
870
573
183
984
821
303
232
723
721
110
788
91
530
816
246
590
507
279
250
850
993
867
471
946
586
376
328
423
445
222
921
969
908
191
849
783
970
108
466
15
349
296
412
93
507
857
466
148
153
811
314
197
459
205
416
332
949
914
196
255
716
194
853
801
543
264
885
593
443
488
543
723
828
506
693
232
808
132
50
860
973
231
645
259
42
591
394
970
486
370
763
330
233
350
751
467
804
937
619
591
689
563
512
322
348
178
462
751
824
664
924
804
834
405
222
91
956
463
310
940
334
190
483
903
103
528
635
969
7
120
377
990
331
418
341
257
172
554
920
98
183
341
610
780
252
306
843
757
920
289
544
770
389
736
625
590
334
472
829
230
641
106
539
523
858
353
324
864
591
116
744
89
221
342
923
561
284
755
82
647
468
262
301
80
594
681
655
118
188
804
21
639
120
924
665
448
253
470
760
654
689
108
361
871
483
608
514
706
279
70
973
287
895
153
686
333
418
392
884
952
196
480
293
576
431
98
421
413
70
26
694
895
498
289
209
35
772
20
306
904
174
553
856
872
512
342
135
492
363
221
563
257
9
704
588
813
703
574
519
358
338
691
435
402
930
989
435
926
313
444
18
824
887
250
74
951
291
684
619
0
299
658
485
388
506
663
480
118
914
352
865
961
355
584
721
520
228
690
364
119
841
140
657
413
637
363
649
480
44
562
295
84
163
294
516
834
954
765
188
646
129
50
172
676
682
95
213
6
259
547
669
358
45
319
75
101
264
428
816
807
986
351
219
432
957
117
799
162
867
112
43
852
499
869
150
481
931
586
297
400
498
705
107
230
384
357
40
742
726
353
292
694
477
731
0
31
496
100
888
757
182
503
452
827
570
445
901
912
14
254
736
58
83
650
724
504
961
796
650
758
23
916
283
635
483
278
919
248
443
96
253
703
764
249
751
544
633
616
786
799
901
114
198
65
38
543
839
592
638
691
890
289
863
885
124
553
278
738
870
619
568
579
805
17
928
969
15
787
256
615
75
517
232
666
397
669
937
261
222
142
502
900
436
784
975
41
692
765
422
632
90
247
273
894
126
293
723
302
151
182
164
32
124
158
469
610
772
511
133
596
754
737
8
196
605
612
865
601
214
721
424
552
223
157
231
321
726
332
824
375
304
87
844
844
953
390
759
97
701
946
135
259
101
332
405
939
511
965
460
310
75
366
365
894
90
871
497
781
116
369
622
809
551
504
942
664
838
401
630
840
813
642
407
94
831
603
635
835
849
394
894
214
686
76
923
262
13
197
955
751
498
838
516
602
238
131
326
373
569
567
369
598
7
917
349
830
164
916
134
93
350
737
205
781
708
11
751
837
745
424
633
713
917
68
863
833
518
811
988
281
589
422
419
862
299
734
637
360
567
349
318
890
484
426
427
466
892
76
125
346
74
658
516
63
559
661
32
949
456
174
132
368
197
86
792
81
19
103
212
151
499
812
841
999
801
37
527
128
522
513
829
569
552
421
802
933
449
523
127
399
942
551
218
460
584
615
691
506
71
372
556
61
242
449
428
80
19
552
234
455
597
72
997
368
568
455
694
278
748
974
316
304
661
77
140
36
181
65
803
442
196
28
263
460
655
946
805
265
29
720
643
548
171
178
120
446
120
18
14
448
292
105
342
119
276
469
940
381
535
190
268
158
702
289
14
985
224
987
708
316
440
26
704
494
105
908
79
247
56
447
430
456
276
252
78
116
290
678
546
485
296
742
393
879
739
449
509
202
83
737
91
786
880
964
176
998
402
374
704
6
999
219
532
428
766
592
630
453
819
853
484
16
222
81
554
704
639
872
157
325
604
364
468
190
389
936
498
480
374
775
373
602
645
328
173
485
919
4
719
299
829
701
516
15
699
670
936
768
707
890
972
877
884
260
211
52
642
915
22
805
652
307
924
410
743
942
906
101
585
892
794
227
239
822
288
50
89
387
134
154
795
563
106
319
790
564
272
699
864
744
991
998
42
930
590
987
680
237
473
809
24
767
511
831
720
950
534
479
162
702
555
128
26
391
180
314
343
141
492
938
379
650
264
546
958
261
103
633
164
710
764
878
326
890
881
879
866
904
516
355
649
658
389
93
766
864
995
985
640
817
377
970
939
280
5
242
772
90
974
839
233
11
652
192
110
281
405
832
965
273
88
822
192
97
159
159
249
229
318
979
0
623
597
524
513
824
731
674
625
998
416
347
853
544
515
927
135
317
267
943
505
388
423
464
582
408
809
121
477
360
433
723
70
869
491
575
60
189
599
233
666
517
634
516
264
572
62
153
539
806
259
54
844
681
878
831
67
881
781
462
308
439
953
469
268
884
569
95
318
964
133
940
858
443
393
998
484
820
760
699
246
547
163
732
630
590
727
809
16
242
420
433
733
273
307
1
294
722
517
621
501
245
149
832
140
744
832
782
198
599
996
311
718
673
971
262
669
546
339
832
366
521
350
883
796
844
69
472
345
401
600
283
837
477
72
87
629
850
156
250
691
77
487
140
181
357
221
339
736
633
50
345
117
222
143
487
622
519
411
525
48
390
473
559
305
713
366
237
720
315
441
1
729
32
405
119
820
744
827
726
766
763
519
52
125
701
660
709
26
161
916
788
745
841
647
939
358
422
139
185
609
207
174
13
158
514
529
832
379
453
535
379
134
544
787
535
363
848
292
137
833
371
712
19
588
907
732
97
138
72
726
244
586
269
637
815
332
402
461
59
95
624
468
366
486
78
577
489
504
286
626
444
561
691
183
163
128
663
880
762
654
803
814
176
654
263
825
721
95
641
275
330
343
836
217
453
968
266
268
479
218
738
763
402
989
276
740
37
590
167
98
807
969
486
892
578
849
728
743
785
80
404
324
759
497
95
615
930
216
315
904
575
504
523
741
83
906
46
261
803
198
637
594
850
123
44
29
781
36
700
800
481
861
937
393
655
479
964
584
85
315
416
345
45
395
653
267
455
715
568
227
114
656
100
50
763
643
494
717
879
225
736
844
599
621
261
409
625
368
479
993
766
289
261
391
635
971
74
478
394
934
198
641
457
938
784
571
668
379
13
445
229
767
984
836
546
78
70
448
585
963
795
375
930
47
118
868
727
211
112
31
654
689
554
503
21
481
178
857
428
842
724
113
925
283
636
283
560
705
200
465
258
610
379
871
230
770
719
440
334
372
698
707
96
615
195
680
18
498
225
747
869
239
277
830
804
412
7
431
451
50
423
849
247
579
487
649
992
337
613
62
915
547
684
523
924
197
925
835
121
33
50
876
490
935
208
104
322
972
642
961
778
361
166
444
309
835
234
62
201
835
474
12
605
641
475
47
463
719
725
669
550
423
370
461
270
707
95
577
292
66
218
360
241
333
117
20
198
543
416
230
103
694
741
503
300
17
795
745
575
735
810
752
582
366
336
697
186
39
162
870
569
737
878
946
642
356
983
165
90
749
17
184
771
897
481
338
293
881
716
76
881
295
116
825
306
77
25
745
766
402
216
577
470
181
145
248
820
898
453
740
532
116
381
84
733
110
873
201
588
289
471
538
983
318
863
964
746
80
704
510
612
642
520
809
656
488
769
644
438
156
772
291
51
877
933
24
172
554
858
939
616
944
31
195
405
816
478
364
132
999
832
387
545
288
775
127
928
862
143
320
342
39
46
162
308
793
319
935
854
746
254
674
212
436
60
312
774
386
735
74
866
143
937
250
900
935
281
932
725
286
433
973
718
148
22
675
374
114
16
588
259
207
753
412
699
923
676
622
851
686
506
212
912
653
740
283
730
777
242
415
808
825
975
325
62
593
455
500
708
864
827
550
828
448
324
685
481
725
763
413
995
302
121
393
16
896
877
88
36
40
86
715
373
375
10
578
941
482
27
849
75
308
511
103
402
770
768
497
884
971
21
714
964
43
69
968
378
31
249
674
175
369
80
172
821
119
331
575
351
70
912
948
399
682
153
317
141
905
368
714
62
572
678
767
376
604
695
550
450
837
60
759
44
766
150
598
331
142
677
662
151
544
790
727
834
61
342
682
536
972
763
824
417
676
271
199
952
644
522
699
489
251
864
925
885
292
782
65
687
483
457
928
942
718
876
266
672
408
141
912
867
959
567
460
185
498
914
282
372
690
222
911
716
346
356
842
806
510
849
708
746
437
649
812
178
226
989
666
48
301
213
950
113
690
420
469
456
1000
27
174
749
89
95
11
491
315
179
832
925
367
212
531
308
299
272
290
328
747
113
1
459
569
977
964
910
321
906
501
395
660
120
296
505
197
699
869
122
2
445
237
292
489
685
65
419
43
939
891
115
823
829
538
732
977
91
843
809
752
344
375
165
748
614
353
261
356
310
193
133
0
224
815
43
794
112
862
547
425
504
717
374
613
856
277
228
459
589
112
786
841
81
725
698
43
299
721
191
724
464
58
411
719
880
499
124
379
329
3
428
783
454
744
433
218
389
69
866
413
931
814
128
328
240
608
435
702
796
186
740
593
507
150
926
820
997
488
603
919
918
443
490
410
816
451
991
451
754
801
653
307
511
15
296
664
129
155
161
155
668
349
312
484
805
238
14
933
116
314
981
936
842
285
492
14
801
858
927
409
733
34
292
633
724
803
804
411
696
700
559
250
281
514
635
141
415
299
614
854
421
96
752
691
798
546
871
765
751
532
410
725
583
107
363
885
127
541
977
705
513
779
775
515
116
884
544
737
424
260
778
92
71
742
439
922
122
343
405
328
506
692
502
973
15
630
6
80
819
510
246
495
440
205
574
657
812
580
560
429
995
623
775
120
387
931
343
358
699
344
632
905
508
594
647
254
805
982
762
866
987
840
711
280
63
150
570
505
492
800
546
966
371
249
736
71
845
263
3
103
459
203
477
176
243
965
943
417
28
60
859
264
837
346
300
27
361
443
879
104
665
974
392
534
777
193
286
731
952
527
8
566
356
218
988
778
897
111
907
152
845
88
961
133
238
793
333
411
713
209
158
730
2
521
266
257
359
535
408
413
489
595
167
781
133
784
116
288
881
367
199
232
696
975
282
948
235
510
376
125
530
934
115
633
656
539
668
364
217
951
298
986
690
278
965
714
127
897
739
217
888
757
758
153
748
260
97
194
820
991
616
468
521
701
905
544
562
593
885
23
147
68
340
89
490
885
382
76
141
381
795
134
937
651
212
683
794
820
498
758
552
786
810
195
458
716
991
633
444
650
845
289
559
796
321
144
944
443
60
242
658
84
780
849
905
61
281
628
742
319
52
678
301
48
839
480
506
501
659
277
297
287
264
754
646
585
446
395
608
465
762
638
205
613
355
696
864
956
46
1000
799
140
51
492
441
585
979
128
271
514
181
227
406
765
342
146
81
945
718
617
770
99
232
505
164
633
329
224
746
565
119
842
721
1000
970
776
267
827
234
936
602
688
863
999
201
554
60
485
433
419
411
507
128
822
788
65
101
674
658
272
107
113
424
390
151
405
42
362
648
758
478
263
320
83
202
247
612
867
95
864
33
253
138
693
398
353
657
190
66
248
783
932
429
919
766
692
905
624
131
515
859
964
978
956
233
733
671
758
888
31
43
172
677
714
315
412
490
9
179
289
409
313
914
305
282
134
419
293
138
160
378
546
207
873
365
408
424
970
540
935
636
602
634
553
17
614
500
251
60
884
516
662
790
705
239
336
737
32
898
242
628
957
768
403
427
491
212
305
791
21
449
562
440
82
267
826
892
587
841
119
427
224
339
52
779
166
898
298
749
392
151
408
392
54
719
963
649
414
78
106
189
931
689
343
882
421
405
545
763
0
271
296
722
376
176
283
867
379
947
618
291
154
264
676
730
0
336
872
613
376
409
181
951
272
636
398
891
356
536
103
588
290
824
763
872
986
765
302
445
1000
649
810
752
263
207
748
122
773
629
550
264
340
749
221
14
285
702
56
45
19
714
173
507
354
187
129
158
612
885
573
628
903
204
81
915
820
998
523
415
556
987
397
623
924
3
502
33
582
165
449
999
777
196
839
913
414
749
5
953
819
659
649
249
37
802
387
31
274
349
661
355
390
798
430
770
143
475
132
62
192
727
407
130
538
198
1
514
994
743
614
124
269
439
624
19
457
149
177
74
346
261
49
593
359
934
570
554
250
107
863
710
747
967
288
683
40
203
124
600
57
630
309
660
615
327
651
564
628
444
569
756
86
148
220
727
469
949
5
433
620
265
813
259
815
331
888
634
234
533
432
180
742
474
232
236
74
225
505
372
311
710
966
455
424
243
33
27
853
199
139
614
943
650
749
234
655
318
687
791
103
624
507
529
429
290
351
576
331
135
164
484
347
371
741
187
66
428
566
928
991
858
295
524
263
825
700
731
426
495
725
227
545
296
900
412
24
111
515
598
519
508
66
687
259
32
171
931
581
674
875
564
307
116
733
192
212
904
958
734
193
507
506
895
301
366
995
716
241
199
606
544
81
226
932
310
954
90
713
240
94
278
285
608
138
920
420
537
882
504
71
720
96
494
379
575
508
967
219
188
462
981
825
360
477
711
407
701
740
309
711
899
455
747
875
816
771
611
742
461
577
646
187
754
469
765
746
628
539
608
682
558
962
714
476
263
482
477
726
936
934
439
695
508
9
786
461
815
61
20
915
302
669
62
762
340
612
482
128
866
546
657
831
946
207
253
774
329
130
628
276
136
466
813
56
830
380
539
531
539
881
919
91
807
647
255
936
921
526
582
595
822
755
101
487
421
449
352
541
517
882
916
352
66
207
303
145
119
360
772
512
479
532
306
591
446
200
897
587
379
624
567
841
477
226
783
501
96
494
846
79
356
808
357
207
844
745
869
258
545
780
382
972
56
77
803
262
132
755
290
260
746
251
249
403
764
714
777
870
110
653
459
186
507
489
46
51
13
665
258
753
759
199
204
30
312
684
809
247
951
362
21
841
911
238
766
493
207
931
49
298
864
33
46
332
447
588
361
627
581
901
148
919
561
750
336
400
355
69
903
617
116
329
652
951
264
307
172
180
946
512
437
390
323
74
619
614
570
302
909
948
724
139
395
115
864
527
811
764
411
961
23
715
795
935
586
506
172
777
857
420
930
509
568
788
940
38
665
724
865
501
300
773
276
483
510
30
664
701
668
20
847
622
29
906
426
547
152
402
100
748
537
211
924
676
27
100
924
624
39
515
910
887
435
781
552
19
311
282
753
331
990
560
156
443
550
76
149
737
794
360
62
722
337
546
222
122
754
565
210
678
908
797
824
824
117
945
992
104
896
473
754
610
743
314
306
286
244
81
321
621
992
822
650
175
700
243
729
675
996
498
397
263
459
134
182
263
292
327
364
269
521
312
438
629
842
796
370
591
382
335
317
171
813
73
735
913
210
959
643
770
358
69
97
950
688
465
597
68
40
791
669
410
939
991
376
900
459
481
980
837
740
250
881
622
479
36
810
763
332
116
174
843
299
311
256
30
271
198
966
146
81
457
774
535
297
277
408
359
939
601
258
658
843
897
65
663
349
929
105
433
881
150
694
278
868
341
576
269
69
144
493
355
868
2
966
404
876
933
45
511
931
608
504
439
659
435
94
419
777
745
855
574
312
850
799
384
170
353
931
297
255
139
757
769
677
589
571
671
710
809
810
447
629
485
988
523
663
260
851
919
860
774
898
282
112
241
283
876
11
266
664
447
499
230
558
497
583
144
905
320
449
96
401
645
605
637
8
279
58
908
120
987
722
969
549
276
35
777
498
741
512
125
813
411
523
914
423
631
657
54
726
87
479
510
462
934
56
818
978
986
409
294
505
223
382
801
493
456
749
943
237
694
928
319
67
980
374
38
854
979
64
946
754
621
665
137
300
209
523
53
430
518
72
65
918
845
295
523
884
903
161
338
74
481
735
534
486
22
663
107
800
636
113
198
760
876
798
951
249
514
554
331
724
45
163
237
701
867
40
290
5
124
618
373
427
927
644
926
143
2
907
942
402
165
810
900
903
282
60
201
638
407
726
541
971
633
449
160
174
934
822
989
897
666
946
911
905
983
312
524
394
899
256
579
816
430
892
800
373
29
617
708
33
159
43
719
610
615
284
657
379
142
133
158
997
574
822
49
879
646
347
128
553
140
484
938
661
492
494
220
393
934
137
907
718
200
31
822
364
181
291
110
654
209
318
683
484
467
943
387
912
776
818
202
295
790
832
745
834
305
997
30
145
300
817
327
121
55
743
21
791
741
951
0
861
301
19
401
335
58
585
78
905
520
205
239
931
22
701
440
121
921
774
366
128
19
448
251
705
746
296
393
877
499
38
831
141
950
671
426
763
660
481
661
809
682
316
390
385
381
981
693
713
91
910
823
505
50
337
47
212
891
719
165
818
830
340
105
367
489
296
158
819
942
787
48
834
724
75
852
684
785
721
65
263
216
286
2
969
814
472
670
803
987
232
109
546
838
196
354
620
677
958
991
24
271
727
727
925
111
567
32
181
410
134
142
721
768
709
574
96
241
382
114
222
475
999
857
836
685
242
878
597
464
990
854
592
317
897
610
387
390
896
307
824
409
613
436
374
641
242
118
433
562
888
227
674
988
675
251
389
783
320
593
743
636
147
551
103
399
562
665
946
325
0
151
541
592
584
376
497
803
931
563
783
580
148
43
84
331
197
280
732
485
763
231
342
14
368
865
355
468
303
411
899
240
24
74
157
246
545
804
238
903
70
798
204
905
568
949
383
552
466
363
37
136
84
859
109
406
836
648
971
222
788
401
34
24
647
418
397
113
221
487
548
998
815
690
653
346
862
99
3
100
448
676
917
8
681
656
274
488
645
835
217
824
738
740
633
921
871
789
731
534
350
828
175
387
189
95
104
72
22
123
431
401
466
366
925
537
810
71
948
598
181
495
51
283
569
767
436
154
647
307
885
526
737
447
681
314
34
760
771
661
51
55
887
688
321
44
320
441
399
368
972
691
311
201
778
98
770
100
181
530
574
69
592
127
676
273
238
429
813
312
2
168
939
389
548
135
8
650
626
919
374
110
605
7
983
133
159
318
361
535
938
747
535
195
706
885
743
385
99
15
53
450
364
903
150
982
608
813
781
310
347
522
290
575
624
655
717
204
560
858
690
291
790
514
169
964
963
313
791
554
530
782
76
218
320
439
625
139
601
843
212
881
779
331
45
86
938
2
250
763
931
409
598
301
170
277
207
906
273
746
52
63
404
80
521
990
92
243
353
704
675
389
821
695
788
849
56
358
383
329
338
37
291
607
993
182
588
591
658
54
264
663
363
561
894
56
689
840
650
588
348
55
507
976
796
153
608
223
686
407
286
640
247
611
147
512
848
719
303
76
204
855
317
564
768
923
518
473
231
370
730
863
342
545
821
712
168
95
22
753
799
997
141
32
875
652
614
738
454
431
63
735
806
556
20
617
633
352
352
519
647
72
85
4
530
545
433
638
46
504
12
450
224
319
564
763
32
673
108
287
149
992
599
929
965
278
191
172
501
648
133
859
211
237
177
394
666
621
547
194
937
679
685
442
67
198
978
717
388
639
845
867
995
802
489
311
806
148
796
883
61
42
641
34
809
45
856
221
25
438
545
407
441
484
953
559
81
100
339
32
448
977
555
790
257
502
198
959
732
312
957
792
340
714
601
535
401
471
204
191
996
332
677
320
714
945
692
505
720
712
102
636
96
997
946
49
321
529
957
888
99
416
63
42
171
398
501
610
778
977
62
181
28
235
850
296
192
187
460
421
395
874
499
473
295
32
965
906
476
45
181
288
792
459
155
641
672
573
54
712
571
189
774
509
276
700
366
91
743
502
757
716
793
975
443
468
962
459
530
583
418
271
127
464
759
89
460
790
930
963
398
320
796
401
334
737
589
911
311
946
145
381
621
252
986
653
375
834
664
883
640
262
478
424
282
561
608
253
70
221
537
914
262
430
577
372
318
17
524
808
941
499
106
883
305
136
24
345
649
780
872
685
867
758
1000
530
200
688
128
387
657
122
753
634
893
662
687
959
184
891
428
932
564
0
767
318
869
574
948
330
947
175
669
353
666
477
431
70
721
379
625
917
869
302
726
537
266
346
466
532
720
684
179
260
173
468
164
566
443
698
961
610
245
740
107
108
570
451
791
511
985
871
718
654
187
215
591
260
310
134
160
204
264
271
191
692
213
418
947
902
918
519
242
818
964
673
442
929
141
369
593
332
813
877
356
659
52
443
11
846
584
226
785
209
837
594
821
821
414
310
3
314
598
453
918
532
616
193
18
801
340
381
540
301
187
705
327
161
719
656
512
463
49
690
830
215
367
502
160
270
628
702
593
220
522
104
514
879
771
292
212
732
916
395
66
399
981
855
119
666
174
551
744
394
567
466
402
795
906
986
311
826
581
214
995
856
404
986
65
771
642
203
190
435
954
292
795
282
774
49
468
652
332
570
849
929
345
632
124
222
221
222
748
446
46
931
83
102
707
316
463
297
77
634
113
339
464
958
843
547
85
220
945
922
2
656
979
115
310
709
431
697
510
412
927
291
780
478
744
509
900
580
203
394
8
187
461
616
236
33
861
115
443
344
137
538
868
81
991
972
563
732
402
493
418
582
438
344
557
24
0
922
642
519
922
669
390
772
210
994
678
407
809
165
236
575
470
46
839
596
60
456
185
374
12
931
925
490
918
431
478
805
809
949
891
168
510
147
384
240
718
133
786
737
1000
229
973
608
606
644
203
304
711
602
399
639
661
433
472
124
478
818
564
851
748
176
426
948
763
817
16
429
86
648
652
74
297
581
912
685
444
835
740
162
268
894
707
773
673
57
513
323
814
570
206
576
499
825
268
297
711
681
981
818
87
521
866
12
185
224
646
140
856
235
873
978
262
814
550
976
98
382
232
118
631
827
796
299
748
841
610
12
938
298
499
504
79
550
312
769
245
494
905
731
851
90
676
818
290
460
847
7
187
772
900
8
380
669
283
945
426
399
842
309
734
670
896
862
23
575
607
404
267
983
536
761
874
514
693
479
988
899
759
901
966
398
72
970
184
293
675
26
162
516
374
426
488
582
5
61
601
913
312
877
932
640
309
708
48
959
867
848
151
654
535
475
926
472
879
537
106
297
81
927
367
152
581
602
615
37
157
939
18
272
571
205
511
800
757
104
45
363
748
52
827
320
877
105
660
856
890
216
676
382
317
871
134
72
970
707
670
27
709
899
441
168
12
860
383
341
778
723
856
739
33
409
201
205
962
505
816
603
371
61
974
68
487
806
661
52
475
199
74
201
127
777
658
12
749
693
936
91
310
180
753
445
424
630
690
519
237
248
852
717
968
501
335
695
213
647
481
97
766
746
899
703
318
317
825
776
262
161
208
707
690
299
198
855
827
45
380
436
261
783
715
792
573
834
196
6
833
88
899
526
333
253
837
646
986
707
116
445
460
17
206
399
362
577
997
511
669
160
858
691
632
546
943
640
551
564
517
257
283
871
316
459
884
67
763
268
405
839
243
436
286
750
635
216
137
475
197
403
120
512
41
725
282
870
367
472
798
25
193
919
933
941
969
774
211
420
904
691
897
118
951
379
415
329
624
53
188
425
220
270
467
767
314
581
126
238
7
22
891
757
96
954
347
237
99
568
403
39
743
245
274
504
517
357
48
245
914
681
994
860
579
570
236
564
463
173
460
380
31
721
94
663
99
703
727
880
47
402
204
357
93
857
507
696
689
952
269
122
921
51
978
232
261
460
916
634
675
479
420
977
437
184
338
458
20
940
617
