243
606
557
133
378
937
618
485
640
594
67
620
13
930
857
480
265
564
239
196
734
481
553
856
562
487
406
654
881
154
237
650
155
888
948
535
399
759
15
687
795
65
163
776
980
605
43
308
798
31
843
886
275
484
609
736
942
899
396
731
807
943
437
404
745
820
590
455
987
958
137
899
374
99
36
139
506
222
264
988
688
446
797
641
875
308
431
519
853
395
587
359
546
599
417
598
237
925
344
698
937
951
29
876
286
620
687
712
167
715
881
334
987
554
926
585
582
106
730
671
216
648
851
587
273
291
127
64
493
874
654
495
90
352
819
68
420
918
154
20
300
437
787
425
893
121
45
619
629
779
46
386
735
600
338
564
902
944
285
517
241
36
317
7
78
110
614
548
32
971
202
994
417
298
625
269
159
706
43
888
347
321
368
981
141
918
882
386
385
471
890
532
395
659
887
609
697
572
105
635
996
963
830
519
277
441
649
737
732
243
958
308
447
264
533
310
561
347
11
807
425
593
322
20
385
630
603
647
136
61
648
642
340
477
361
695
939
361
623
723
285
755
501
22
603
62
977
692
21
986
378
257
643
467
305
606
615
327
181
372
189
320
776
378
864
609
270
307
806
386
107
790
832
27
994
582
700
752
134
317
512
227
669
823
275
244
335
191
694
445
665
714
99
104
615
329
971
341
691
853
229
448
829
876
983
173
81
344
759
665
223
906
582
461
277
230
805
123
34
542
980
195
322
826
856
858
588
187
884
285
348
826
847
657
87
825
634
353
603
132
431
298
530
812
870
277
475
354
649
426
297
429
581
419
36
942
423
159
204
4
488
965
852
901
637
522
444
572
972
949
734
227
33
763
467
856
771
678
765
531
986
295
556
349
911
232
882
69
878
602
994
293
122
829
250
46
35
925
822
710
524
946
203
918
904
921
440
590
50
13
492
763
123
175
515
307
244
678
20
537
549
423
54
961
934
626
116
349
128
258
995
882
553
488
831
801
62
360
226
202
125
547
908
836
122
175
245
810
280
943
910
825
131
843
942
7
499
643
584
883
409
51
774
277
254
275
632
539
532
433
52
484
330
795
839
1
877
56
793
129
47
127
51
70
494
998
33
874
729
88
527
514
501
323
160
322
73
359
395
662
398
600
311
369
271
195
336
438
126
130
568
3
733
740
389
814
81
580
182
43
382
471
618
665
801
554
389
651
820
44
637
907
441
54
381
642
508
778
719
322
430
973
710
428
471
18
250
223
548
276
711
604
73
822
435
229
436
133
900
28
958
333
383
992
919
572
809
891
268
124
475
707
126
961
832
749
678
870
908
542
811
385
683
111
751
326
577
544
105
831
601
733
5
484
146
241
792
398
45
539
94
577
101
675
901
384
183
839
24
349
861
872
124
26
864
117
689
493
856
713
975
291
592
306
817
90
37
785
577
523
541
732
244
109
567
766
102
956
566
62
563
332
890
577
184
847
79
247
184
661
255
465
630
716
771
965
403
258
376
613
406
961
358
569
428
989
85
384
512
240
996
951
422
863
765
990
164
425
707
582
774
593
690
946
529
702
495
159
658
410
918
908
152
166
98
509
766
495
938
715
529
973
453
600
736
878
190
139
273
770
203
150
599
527
322
957
237
871
707
550
976
798
302
687
722
875
423
609
874
598
598
273
910
222
314
23
274
490
823
391
205
176
583
369
244
329
494
792
884
147
428
714
491
718
613
210
479
594
854
923
841
668
570
28
492
738
74
877
970
409
801
751
903
983
46
478
932
235
912
240
663
734
795
691
70
981
222
874
260
247
911
194
794
264
140
191
636
721
691
879
37
921
956
261
173
885
46
320
187
433
93
746
818
87
120
94
270
853
935
298
36
365
463
594
751
691
344
7
30
342
339
446
388
497
79
215
659
599
760
978
501
400
128
557
326
122
904
281
78
681
442
115
448
908
540
930
256
99
540
963
717
383
694
790
377
775
461
302
678
692
686
669
966
825
836
271
109
772
967
984
346
688
579
549
538
116
682
505
520
360
60
735
301
694
745
579
760
186
661
661
747
646
153
183
379
911
942
671
465
126
110
954
573
144
942
339
660
737
665
611
430
568
307
663
191
468
493
319
800
180
722
70
109
733
185
772
567
556
589
757
401
367
102
272
277
392
54
893
139
43
490
516
277
253
712
787
527
362
896
340
967
413
458
554
828
790
70
361
509
867
114
155
276
604
102
697
115
577
797
931
744
114
189
714
193
580
426
686
761
400
835
766
131
606
622
149
880
407
817
198
557
540
174
582
183
206
889
256
378
800
300
30
862
822
455
912
417
972
834
392
323
565
927
597
317
648
509
1000
541
703
723
306
917
880
683
495
30
615
195
744
649
2
110
788
774
677
239
503
177
536
640
471
203
198
800
542
216
37
832
512
948
661
969
454
114
579
290
982
673
913
156
138
478
811
90
638
945
51
26
368
633
239
518
79
510
551
19
952
347
330
336
891
352
711
710
137
82
878
859
615
793
949
34
733
81
757
351
826
210
954
64
882
204
447
715
775
226
496
323
111
805
43
418
79
865
205
722
164
400
509
484
716
69
550
872
432
213
664
500
311
23
475
468
775
707
411
448
184
466
920
38
736
262
375
869
379
458
542
370
610
411
229
993
2
823
214
264
801
378
146
875
471
546
199
162
214
22
174
598
413
515
172
651
28
142
112
623
172
453
502
189
61
861
22
412
458
325
417
33
720
731
52
244
412
40
406
505
27
930
988
904
224
247
96
398
485
195
168
340
637
118
354
934
126
608
53
826
745
297
281
806
964
476
808
955
984
307
500
255
574
272
30
834
345
644
353
324
95
58
698
445
992
91
606
632
3
107
31
697
92
19
174
515
37
493
55
193
670
521
921
339
205
921
997
775
488
348
822
490
939
359
962
674
35
391
312
769
621
646
969
403
89
970
300
188
870
422
117
519
399
560
342
549
696
797
950
412
178
857
757
885
751
395
855
960
566
367
945
188
371
820
424
448
234
455
798
719
492
353
275
840
173
519
737
770
620
937
727
713
396
972
498
43
157
175
727
769
23
842
478
94
776
708
693
676
99
327
242
615
863
820
657
57
899
626
893
49
460
477
918
889
750
662
341
378
1
73
199
408
805
978
937
107
346
582
318
112
461
82
841
664
215
246
704
49
156
957
660
146
599
11
114
235
294
990
213
225
871
575
527
429
517
799
928
618
326
807
904
548
800
192
478
181
637
81
42
845
825
115
612
24
879
989
103
204
965
914
261
87
111
476
408
228
845
849
696
630
111
657
497
779
684
892
716
354
412
617
676
456
796
113
298
855
967
608
454
834
388
210
119
552
7
475
306
745
658
79
349
354
196
496
771
73
946
565
702
752
373
433
802
663
68
620
531
219
255
358
858
63
343
241
441
449
86
256
223
330
169
767
953
211
743
223
895
896
752
626
474
953
728
548
873
428
376
970
195
924
638
972
419
495
915
792
416
480
601
942
35
299
980
956
18
189
913
98
28
739
154
301
515
531
62
654
483
41
199
763
212
282
503
442
38
353
479
759
201
764
800
294
146
105
454
306
930
420
454
79
210
156
499
781
829
717
291
999
384
825
897
649
381
965
165
441
319
962
474
485
538
555
227
368
979
873
295
292
30
474
382
908
367
826
850
304
765
248
952
826
532
10
14
134
644
543
152
548
21
169
972
51
1
208
788
812
476
363
988
804
371
565
35
501
189
244
13
283
442
926
346
855
52
617
559
830
96
460
319
268
253
688
821
510
428
740
266
347
45
30
439
38
642
691
169
934
779
827
577
253
976
138
761
776
861
808
422
521
768
850
345
565
136
286
17
172
46
17
497
658
61
918
835
927
471
478
533
681
772
950
880
833
1000
617
527
424
379
530
647
174
300
187
75
700
142
852
560
104
417
792
360
454
465
285
822
261
463
289
982
542
159
591
322
143
534
38
421
497
871
236
847
469
953
599
627
279
31
324
588
612
562
118
499
128
286
804
726
771
933
274
104
445
684
77
380
34
527
498
917
770
983
846
658
458
199
318
942
354
185
669
392
964
848
406
323
50
277
219
972
38
966
324
325
625
401
568
288
36
134
427
256
423
920
81
507
235
979
204
755
81
714
538
117
760
647
858
126
646
858
837
901
5
964
288
997
984
708
71
441
274
494
472
274
296
559
572
48
178
241
498
980
172
147
153
927
722
182
706
478
690
407
662
8
145
401
55
184
777
641
180
318
194
664
842
133
895
150
49
536
983
155
547
219
391
797
109
443
399
186
26
287
106
134
117
148
302
129
392
360
960
936
618
78
956
196
7
961
379
145
489
251
65
362
559
973
916
496
106
720
867
320
484
21
757
353
543
766
874
800
453
582
417
475
550
551
312
452
152
547
467
852
393
205
774
608
302
955
767
868
765
183
307
986
879
860
982
171
324
272
860
207
133
54
618
58
419
629
893
182
117
587
14
161
890
125
813
413
582
701
383
537
713
784
281
94
474
553
594
451
333
149
604
614
223
330
467
518
577
382
652
325
605
367
719
615
789
740
958
352
882
707
855
349
293
999
1000
304
276
186
126
616
512
226
749
349
746
660
254
289
445
990
273
463
132
489
342
544
807
895
180
635
541
533
452
632
52
70
427
435
563
867
625
796
298
60
242
874
390
393
216
76
375
526
219
56
561
505
905
120
441
749
888
398
728
573
370
12
307
380
517
379
408
449
381
929
667
701
896
106
598
506
149
331
225
0
379
65
629
0
142
906
83
214
328
445
289
201
30
29
551
750
943
321
547
455
755
372
848
738
857
820
934
218
451
347
698
598
123
521
901
950
387
230
486
142
911
314
293
565
194
120
843
177
613
903
86
441
28
815
359
391
7
501
852
188
484
280
143
398
208
523
651
442
600
643
972
675
305
446
293
99
655
763
707
898
85
65
452
898
771
763
328
67
870
9
332
491
934
432
646
915
96
846
675
339
659
428
902
596
231
905
330
206
663
401
981
90
53
656
530
27
924
957
521
536
245
587
848
87
184
237
840
480
844
877
940
551
405
291
352
466
677
983
541
232
207
586
305
350
921
602
136
595
544
373
634
530
363
322
787
880
931
598
878
739
755
538
208
457
61
738
443
878
319
644
198
505
892
874
221
188
842
106
960
467
122
950
935
513
406
862
217
322
190
772
38
334
510
252
393
901
871
697
853
746
58
242
410
375
398
228
181
291
256
353
269
54
710
988
348
749
113
212
225
311
452
177
578
172
251
494
716
214
220
830
686
373
623
237
179
700
769
543
403
612
552
434
612
181
643
309
452
383
57
80
805
549
880
468
501
18
592
180
274
532
920
429
702
506
227
398
837
512
496
354
415
633
494
776
183
117
734
429
347
885
749
147
597
329
110
357
540
150
871
305
489
644
552
155
883
944
457
383
504
42
596
355
843
649
207
638
95
718
779
998
565
607
310
598
913
694
905
295
554
331
420
856
945
766
666
298
945
11
433
694
572
752
782
359
432
490
378
580
185
255
302
714
193
576
854
394
730
112
331
567
165
327
937
742
497
176
554
403
476
200
929
418
566
590
374
109
741
56
621
493
718
206
169
517
681
171
122
103
565
550
120
945
396
889
570
527
323
406
280
67
491
282
700
321
235
964
267
120
216
970
112
488
380
444
151
268
378
985
697
190
271
585
798
523
970
204
682
228
252
264
809
355
751
351
924
109
100
889
720
138
768
85
230
468
341
997
117
334
848
780
145
169
43
683
502
275
521
136
381
921
891
451
762
438
516
579
703
587
437
823
440
263
302
557
278
599
922
397
157
47
32
174
441
655
1
216
809
776
134
517
746
976
212
868
715
744
659
381
263
44
643
570
577
763
988
943
366
207
120
162
222
978
757
75
496
438
756
295
153
119
557
344
684
834
618
748
165
265
140
88
639
81
905
696
141
97
7
714
84
644
804
531
400
725
466
566
679
625
453
269
180
717
846
2
71
288
698
715
425
174
6
33
344
530
743
335
854
994
370
104
45
821
216
397
11
824
548
455
958
683
738
334
642
229
451
463
242
819
5
353
220
235
161
425
401
98
404
323
586
117
558
682
611
249
296
98
25
415
27
602
347
228
201
465
582
522
271
655
780
615
390
678
919
753
214
534
600
436
652
315
819
64
182
813
462
512
543
102
290
948
961
595
961
638
151
449
531
129
315
534
172
231
375
538
302
125
74
511
69
491
821
253
758
946
788
424
20
11
23
484
636
4
59
725
520
889
491
927
13
49
352
691
303
312
836
483
503
307
797
312
821
135
316
640
576
90
415
987
665
44
116
987
697
196
243
85
162
762
400
543
766
787
739
520
142
645
168
84
984
690
308
524
874
985
523
6
507
69
370
692
511
948
87
431
682
728
340
573
801
400
444
476
351
616
960
29
330
312
492
755
650
264
805
484
765
262
210
366
99
666
268
761
490
979
430
488
771
207
737
345
614
59
679
245
598
49
625
411
247
394
185
326
100
669
182
935
513
463
261
441
904
431
578
590
348
386
441
838
40
373
750
836
769
403
372
925
742
400
279
538
224
141
233
900
201
784
620
31
657
423
745
865
106
618
784
410
489
489
387
514
515
571
443
627
204
485
404
59
661
573
732
165
936
22
199
579
912
700
819
985
730
99
836
141
405
795
525
920
118
124
106
608
219
969
940
300
562
875
131
928
432
445
148
161
220
707
849
641
432
509
323
641
453
526
950
29
260
563
18
604
971
351
324
565
394
219
999
124
288
203
87
211
909
398
249
875
226
892
960
341
234
756
922
94
341
571
310
792
221
853
555
212
573
746
407
1
519
659
305
835
857
245
956
148
771
284
839
599
72
810
256
352
208
297
158
352
991
221
926
204
936
640
571
800
119
465
437
257
57
546
926
404
271
592
295
848
968
538
205
461
944
208
318
357
680
90
109
431
919
791
408
732
353
814
670
797
607
243
256
765
127
622
589
125
25
177
892
327
352
615
173
228
335
48
116
797
324
621
556
69
416
913
342
569
297
20
498
452
797
724
448
786
172
494
0
123
801
174
378
867
874
490
284
391
867
528
202
866
471
384
484
370
713
374
749
11
956
557
337
490
577
507
548
462
10
483
75
732
312
190
239
544
117
675
887
177
179
754
814
985
266
321
80
371
553
4
859
226
865
341
898
15
625
54
388
169
109
656
773
514
462
356
761
496
814
8
471
693
444
896
667
561
758
82
111
912
781
93
681
87
206
850
106
287
85
678
340
29
818
215
50
732
450
38
126
522
910
959
740
219
334
721
455
761
634
311
784
329
714
977
14
880
196
718
549
661
993
15
222
772
600
445
131
718
867
357
455
531
534
420
685
483
139
634
746
936
819
310
880
644
288
79
239
776
168
557
920
341
448
825
399
247
532
929
715
548
325
298
344
353
784
768
795
175
303
381
75
188
950
395
747
310
608
466
414
988
981
522
440
840
221
943
102
640
359
7
615
751
373
451
969
56
665
656
469
542
676
844
616
257
632
910
507
547
535
762
503
795
851
759
196
867
804
305
89
869
707
74
832
496
801
453
405
728
168
207
874
268
731
136
982
574
928
590
268
0
182
959
204
640
980
243
465
691
579
121
296
376
675
196
832
529
687
103
1
332
450
308
500
613
45
934
808
651
326
801
300
182
640
470
598
578
508
318
879
531
487
351
246
65
206
566
36
372
900
549
75
355
841
7
183
38
485
161
334
96
174
871
373
594
843
244
487
727
521
649
550
63
11
769
558
234
695
326
145
584
292
573
255
357
882
803
838
357
593
385
152
465
438
686
718
414
59
474
943
412
861
22
954
662
715
791
632
82
998
940
273
429
312
373
126
8
184
986
817
817
97
417
761
45
405
705
898
433
777
255
703
79
865
444
43
970
271
964
377
188
439
929
686
356
900
423
757
20
950
239
712
612
365
991
520
238
766
973
834
392
378
710
363
294
629
162
233
372
904
754
0
250
664
160
497
269
199
140
583
893
485
985
777
905
541
600
842
892
453
904
907
169
769
847
414
853
261
390
777
586
401
94
211
386
668
108
215
893
775
677
588
370
845
811
365
265
310
860
926
715
678
662
387
660
574
792
445
157
658
352
529
77
292
329
906
616
776
816
284
744
198
197
748
711
842
407
668
839
218
667
737
221
535
238
382
891
603
269
459
252
664
923
769
121
763
113
525
584
979
968
19
672
898
593
422
873
868
32
977
811
847
638
559
598
960
318
319
634
365
128
761
538
135
263
934
954
176
823
484
787
773
688
394
267
536
245
165
692
878
600
782
802
778
491
85
198
839
363
12
578
688
499
892
60
571
431
443
908
118
639
400
322
420
833
308
363
651
918
599
410
876
79
475
995
199
72
698
259
448
789
748
117
271
557
69
879
240
604
552
356
284
776
654
845
253
593
695
641
934
330
885
417
50
77
995
587
1
151
200
639
230
669
811
108
205
363
173
546
784
88
172
404
1000
515
466
23
920
106
839
331
212
391
804
922
424
799
227
111
47
90
720
69
574
738
310
689
852
868
201
187
455
188
89
705
358
74
905
497
512
675
157
145
242
230
659
496
284
414
908
688
62
905
889
236
636
307
841
690
362
901
70
655
176
163
641
635
26
459
112
788
801
242
899
110
876
177
857
137
568
978
896
323
714
216
570
794
435
959
24
301
91
448
255
514
471
242
123
415
993
873
590
640
758
619
914
164
231
677
907
902
981
540
273
100
128
479
819
885
911
914
817
418
27
616
395
116
852
240
557
428
887
762
168
90
78
950
484
30
830
992
179
242
331
838
621
837
929
977
340
481
936
715
470
299
78
852
928
111
819
904
367
606
586
63
21
963
367
323
36
69
183
265
122
27
882
288
703
726
635
481
646
6
874
954
842
431
731
918
393
51
257
351
159
864
560
360
209
665
757
69
328
801
593
306
559
764
642
388
159
398
262
84
705
598
218
501
687
521
988
92
398
313
984
73
629
894
967
746
538
560
770
322
698
252
199
226
530
740
594
402
474
976
675
649
930
297
814
711
831
971
146
156
720
701
642
677
960
577
2
246
176
518
999
464
381
755
722
424
605
826
407
760
449
525
575
308
415
546
389
809
982
310
80
728
842
619
631
761
323
900
108
81
938
990
394
624
432
266
724
475
304
99
236
464
857
583
728
624
887
495
166
888
110
598
388
732
507
216
727
448
305
21
754
897
598
295
694
806
298
75
140
606
910
192
740
43
43
489
421
532
397
627
823
384
882
951
440
802
14
157
773
4
385
983
889
420
460
107
250
181
855
716
699
180
659
382
115
693
583
360
930
669
932
971
940
811
754
643
355
640
25
317
371
655
50
664
863
601
285
502
337
769
2
209
387
730
732
920
36
901
258
964
7
84
254
837
329
594
486
71
489
644
407
7
385
869
19
309
462
946
991
919
570
139
682
412
253
156
445
775
512
97
69
75
887
118
253
879
19
253
707
330
320
456
808
565
47
423
231
969
76
348
114
487
669
882
719
249
390
178
857
856
848
323
175
913
972
841
367
381
570
340
920
103
929
894
183
453
86
350
857
180
359
231
95
894
981
133
480
567
311
639
475
532
297
514
101
407
67
196
106
840
75
918
893
577
246
257
323
934
658
206
177
175
998
640
750
851
806
586
537
112
719
883
159
201
351
650
330
811
950
773
242
77
683
872
177
409
735
10
251
808
287
952
316
48
381
465
923
379
340
550
310
344
797
588
451
581
922
876
101
879
346
723
734
199
714
703
266
592
957
494
231
580
457
312
728
202
709
934
991
375
830
108
487
999
119
523
509
692
186
347
679
152
51
340
62
853
625
280
2
934
240
311
378
918
266
183
616
454
693
131
152
322
535
373
609
550
528
221
715
317
897
329
434
919
727
82
809
426
238
874
585
127
261
582
799
110
865
140
527
17
499
449
265
879
328
289
213
292
408
817
757
79
921
17
121
679
436
90
807
540
970
148
739
616
164
871
518
463
246
279
336
638
438
716
989
58
403
245
10
385
851
517
568
280
289
674
974
261
160
926
856
360
18
226
757
80
177
129
807
220
622
903
76
426
8
453
419
982
705
989
533
784
484
245
94
335
786
517
653
264
527
355
26
217
599
246
573
767
832
617
607
456
616
482
662
628
653
701
777
23
763
863
509
473
700
350
171
981
345
774
89
358
843
25
257
447
545
450
320
383
608
100
30
590
562
260
146
780
967
541
97
299
455
845
300
458
500
86
526
286
303
53
366
439
283
930
229
962
667
350
158
898
245
487
208
570
381
64
653
15
22
568
501
612
435
288
677
596
846
736
406
715
617
385
278
377
465
727
650
603
53
856
526
434
514
101
187
599
254
155
843
321
357
65
197
291
514
533
783
408
264
359
974
330
720
221
7
516
18
614
461
91
323
604
665
315
850
443
960
111
134
593
712
126
353
844
113
179
896
132
930
629
805
744
651
597
195
568
193
692
470
668
859
879
983
876
499
311
926
212
684
558
325
603
313
361
651
881
802
869
362
703
589
548
656
712
767
199
383
827
371
130
293
925
929
640
936
283
750
195
428
614
369
475
901
713
469
100
83
896
14
439
687
450
463
756
870
620
537
455
365
299
946
477
367
32
765
262
162
845
931
123
51
88
48
868
291
382
461
542
473
601
939
735
748
326
4
788
856
0
880
867
209
317
594
640
464
310
939
767
576
385
237
616
821
328
408
852
367
795
827
206
653
774
507
965
696
242
873
195
514
953
808
986
216
132
794
68
952
733
269
750
799
467
304
673
806
136
520
843
483
917
127
430
668
387
717
478
297
242
46
497
92
912
265
76
244
761
384
917
23
767
454
136
849
395
968
972
687
872
725
51
839
114
727
509
781
483
936
645
439
340
34
612
319
123
13
621
279
643
604
366
281
956
254
696
96
573
366
886
528
727
605
889
965
898
72
486
261
567
78
385
952
549
647
453
672
91
833
990
2
317
925
329
340
887
643
321
413
611
763
141
309
374
284
624
255
861
742
541
466
114
159
522
363
833
581
252
381
844
606
87
863
580
655
367
820
211
310
753
890
790
963
192
542
157
23
969
87
782
775
539
888
750
741
575
520
401
553
622
118
980
612
56
709
210
569
625
504
871
426
665
614
359
373
243
750
750
876
949
913
898
585
410
76
762
977
830
417
384
202
773
223
395
485
205
776
0
380
741
379
770
855
43
798
63
349
326
111
213
536
749
476
194
274
598
330
564
370
357
434
875
996
447
679
524
927
682
611
414
986
190
384
975
264
769
763
558
404
507
715
632
932
302
19
74
451
558
559
921
103
101
115
862
382
501
263
787
606
278
830
218
577
909
99
489
824
818
598
493
556
765
801
992
842
514
854
627
295
733
846
504
976
887
588
22
9
903
192
245
666
965
435
374
939
641
657
456
716
592
155
322
537
295
727
382
938
201
923
170
270
0
513
420
832
92
854
72
621
185
398
749
818
332
230
724
818
847
404
827
38
40
265
704
712
817
248
719
708
884
626
837
46
628
341
886
589
557
921
110
76
291
620
954
761
344
217
482
987
894
903
701
108
809
916
481
276
520
773
78
862
204
40
162
221
550
616
538
407
73
650
657
104
31
395
448
27
280
486
229
148
653
963
972
370
681
849
859
452
689
334
467
860
749
281
830
527
884
654
376
416
720
401
52
409
466
583
975
99
875
572
377
976
131
22
275
833
775
207
184
89
913
930
271
986
705
142
710
494
248
531
602
643
630
275
127
544
664
642
172
980
835
290
629
177
852
519
21
611
301
498
903
934
559
206
402
520
21
482
766
202
265
465
79
463
384
303
791
349
503
992
540
223
744
380
119
972
233
85
746
91
525
66
210
982
913
517
617
443
945
100
220
905
244
635
704
183
934
868
581
172
318
76
183
288
311
984
153
462
377
963
48
41
193
918
738
868
963
834
628
360
581
461
344
555
872
806
635
310
385
524
37
562
692
861
24
357
684
3
408
413
829
905
84
179
171
641
145
135
372
277
82
639
961
105
179
465
240
600
397
104
774
866
866
40
285
207
779
773
453
610
726
605
306
581
613
757
43
707
250
277
683
665
730
728
469
473
787
917
180
322
871
564
182
582
196
617
410
188
437
684
733
118
516
546
539
461
313
712
162
878
770
225
235
972
931
947
483
953
516
207
41
599
880
189
233
414
284
337
312
299
239
26
295
202
295
711
545
834
368
526
774
545
955
914
954
432
384
559
699
325
750
234
742
460
408
660
197
367
776
718
672
158
359
50
682
304
68
262
802
937
919
475
993
917
116
114
707
800
221
144
642
624
345
194
871
223
740
28
655
287
314
869
813
600
214
816
21
993
398
155
47
867
863
917
855
664
313
341
350
179
765
449
969
381
518
266
700
690
226
650
191
264
127
176
976
511
363
727
578
681
679
656
378
918
684
775
447
452
664
763
389
680
374
349
928
171
39
386
482
735
882
768
906
311
396
554
698
76
173
612
942
459
753
786
720
881
562
53
988
76
175
782
987
301
227
145
298
778
148
313
932
190
774
614
989
290
826
644
368
820
792
995
364
66
337
171
436
833
716
872
323
732
573
847
581
285
813
35
481
430
835
568
604
471
303
749
898
109
895
182
980
39
764
422
980
868
166
614
498
651
884
957
415
841
772
300
121
227
124
550
725
234
985
610
346
81
659
400
425
739
991
261
904
152
782
766
540
198
43
923
613
627
297
910
510
545
111
500
561
264
810
59
876
976
551
224
144
83
954
954
438
549
32
595
851
941
711
749
297
265
668
289
143
672
324
696
22
230
138
255
507
521
446
60
558
823
922
673
154
361
593
705
606
471
91
763
440
706
810
96
465
650
744
255
239
277
707
684
217
571
97
11
168
364
73
2
327
449
99
181
153
250
954
313
893
147
384
290
578
515
207
137
599
573
200
971
717
738
63
977
836
111
422
676
733
246
558
957
66
507
155
739
238
794
461
135
781
102
548
830
838
311
444
46
25
580
24
47
820
684
711
248
382
30
693
265
827
915
7
631
763
120
995
890
506
905
798
450
925
621
610
116
873
811
251
675
698
414
686
50
806
183
706
411
658
942
90
482
514
886
51
191
756
259
272
242
691
294
814
484
377
603
327
819
697
702
457
579
899
768
712
556
852
24
437
483
404
600
463
519
632
966
983
580
868
505
309
73
691
878
377
624
135
421
198
171
970
482
960
725
792
275
577
271
449
523
373
507
438
7
24
64
199
383
566
726
619
390
153
16
549
249
165
199
655
782
122
233
808
864
295
600
184
873
19
873
503
693
528
901
799
251
684
114
555
930
54
905
949
516
253
610
240
166
177
659
601
866
670
323
521
263
831
11
966
608
732
728
93
122
316
246
429
769
518
727
303
140
264
525
733
477
732
940
328
405
989
655
452
119
652
224
432
854
30
180
73
133
493
214
695
122
517
906
106
555
453
487
90
377
724
508
42
447
73
742
181
425
32
887
182
866
423
888
366
767
708
176
80
431
409
860
80
364
619
586
359
216
545
844
336
341
511
370
437
836
843
91
734
6
190
434
164
455
455
115
670
401
148
787
365
904
570
944
867
813
886
75
470
374
943
458
304
28
307
799
549
284
905
798
761
691
294
273
442
350
87
460
980
199
458
11
96
431
352
233
512
260
7
805
277
760
219
420
910
25
325
781
465
269
824
102
655
770
581
927
226
262
910
558
293
908
24
532
122
357
697
159
378
28
290
913
698
831
191
186
660
196
29
765
607
385
705
712
42
547
681
84
338
582
653
669
112
47
864
37
328
276
724
739
674
1000
492
457
91
879
211
727
669
279
481
456
190
865
311
494
700
518
943
739
209
151
405
470
669
532
87
581
865
709
866
277
842
485
900
471
472
105
138
805
898
982
769
573
569
420
470
378
958
464
610
379
369
278
612
971
238
375
206
218
214
674
487
5
717
361
992
574
520
838
188
310
53
247
990
35
11
93
428
359
523
804
717
364
614
247
307
291
444
384
761
148
858
921
172
525
806
751
608
283
853
682
14
934
659
236
441
978
637
291
30
734
689
964
480
474
317
953
65
404
582
447
569
946
719
616
174
54
467
153
491
547
500
347
679
59
194
833
566
333
122
925
788
375
804
187
765
433
938
846
255
926
21
576
608
257
202
540
244
268
418
369
119
7
245
18
745
954
407
785
838
249
167
630
774
41
523
848
218
627
963
737
167
440
242
445
850
835
567
325
996
79
1
117
231
939
738
284
251
65
820
579
513
132
62
436
531
792
202
239
365
431
57
954
0
890
68
889
246
37
76
996
511
573
658
153
827
280
125
424
507
31
365
80
570
484
94
623
535
599
826
836
835
110
324
742
7
328
850
977
689
640
113
706
352
135
215
936
835
296
308
213
709
430
336
800
344
330
518
482
809
618
708
253
974
121
159
416
713
729
83
694
944
217
378
673
662
856
32
720
794
187
214
43
247
883
726
785
279
715
759
126
594
131
645
176
367
424
684
124
391
457
393
931
332
665
754
996
880
949
298
76
477
258
945
774
673
364
846
10
779
863
152
444
800
69
984
765
637
519
109
868
692
854
693
843
120
903
263
393
340
828
929
506
667
902
222
842
640
856
75
50
881
23
182
31
583
681
862
301
847
158
876
84
435
592
71
831
874
312
521
885
721
419
581
451
510
554
323
558
43
798
458
601
309
171
25
544
38
96
290
874
428
180
184
373
868
604
783
350
300
915
770
811
160
340
560
439
362
755
125
523
500
651
145
344
682
582
993
606
994
921
6
359
498
819
219
694
297
431
237
464
951
172
97
868
294
514
479
128
727
737
677
970
124
817
399
737
48
146
416
124
471
843
73
0
895
81
335
192
58
855
304
356
385
439
430
553
99
912
113
41
889
198
411
738
657
292
136
688
445
299
582
145
66
251
339
181
62
26
932
194
11
866
163
263
628
403
235
332
588
832
349
853
958
582
124
361
284
184
30
492
408
791
869
733
386
722
505
528
64
957
317
409
330
560
79
978
898
808
133
485
843
814
696
789
56
300
23
409
938
775
314
382
568
359
282
549
431
77
494
267
663
282
254
854
826
799
5
776
314
814
527
579
320
691
966
554
980
131
304
203
140
659
942
384
813
537
531
617
60
262
9
905
705
744
701
936
477
790
341
384
282
709
380
415
428
624
626
857
424
462
346
418
230
102
676
902
959
395
188
542
790
448
661
530
237
827
138
545
856
221
152
506
121
851
92
503
833
769
387
588
1
516
287
669
531
233
486
685
150
868
963
712
437
280
920
326
161
260
144
21
775
624
942
280
268
676
119
858
236
328
874
292
931
374
797
487
241
48
192
399
281
320
113
142
853
594
712
490
499
852
75
744
816
388
400
902
487
662
636
245
150
770
204
605
559
362
226
814
381
337
881
147
681
44
318
627
767
280
187
161
909
48
8
791
819
285
882
879
330
914
350
837
806
229
224
965
795
637
76
866
908
929
648
325
325
384
436
918
889
297
132
101
373
38
903
569
17
314
917
969
309
10
450
407
303
728
375
621
561
853
225
665
741
893
416
991
672
882
245
617
779
408
236
543
641
225
585
260
727
531
639
448
314
397
761
87
221
596
340
14
491
871
357
633
568
355
798
254
960
237
617
293
960
56
375
66
484
965
346
204
988
371
131
102
230
585
786
471
244
312
67
395
377
977
475
716
465
696
238
558
356
23
294
582
179
579
519
80
233
346
196
245
951
551
907
3
388
205
542
782
99
824
19
609
525
266
967
219
80
744
465
860
812
37
10
128
600
794
268
319
772
161
842
827
904
391
799
363
89
320
673
749
572
762
308
210
205
193
483
563
432
830
416
738
975
410
236
904
876
67
148
711
706
833
453
30
403
154
488
363
136
100
225
636
421
123
196
326
865
46
707
627
644
342
711
689
166
232
10
745
81
264
904
590
499
839
996
845
331
900
394
629
664
474
867
522
437
972
494
311
364
859
243
192
927
888
926
97
446
580
142
653
891
478
475
274
765
950
426
755
82
304
763
276
108
193
959
278
173
492
350
321
3
557
224
690
665
157
94
399
116
154
62
380
13
263
527
675
230
625
770
933
694
869
517
950
40
993
885
314
305
793
563
710
819
191
204
803
420
36
495
689
637
927
638
666
357
714
674
245
420
820
113
576
386
77
318
268
831
227
900
762
992
937
340
624
915
922
924
344
20
150
560
759
97
356
81
478
453
860
722
670
183
892
329
989
495
299
557
138
126
177
867
13
119
329
337
885
190
327
773
422
663
427
880
250
822
940
63
998
337
483
853
782
661
155
875
649
32
988
859
871
405
155
806
7
597
453
364
414
538
801
26
963
957
933
894
568
664
594
662
255
753
810
449
467
248
86
664
951
78
889
12
817
199
168
342
318
233
287
661
577
374
922
972
635
380
598
909
437
872
180
589
271
723
970
929
977
667
685
703
997
231
743
23
436
25
74
18
696
208
301
225
591
623
225
366
93
508
17
56
13
324
138
756
344
901
159
954
234
560
640
378
131
154
139
700
790
593
287
258
644
547
291
746
713
728
10
199
276
184
885
336
299
2
651
733
216
809
109
132
434
720
468
445
35
540
433
215
367
21
776
153
909
308
417
795
311
310
789
982
776
903
524
260
628
567
349
532
742
623
592
511
879
735
307
84
68
141
886
806
599
329
820
663
764
823
789
217
369
812
885
895
631
50
417
229
171
143
97
308
235
739
327
300
338
233
635
846
982
201
577
736
680
818
10
577
712
16
547
629
796
975
357
551
659
762
523
391
800
92
444
844
218
889
100
541
60
513
260
722
735
531
178
993
443
956
5
509
862
704
739
108
831
926
344
633
553
26
142
10
892
865
398
800
679
632
56
414
211
249
834
495
138
928
493
645
475
45
488
211
799
86
973
886
397
867
157
948
700
440
962
323
436
62
883
261
931
352
213
398
33
347
25
745
183
879
471
388
687
836
394
299
300
272
316
815
640
91
901
77
891
418
482
656
419
91
790
877
911
544
379
391
825
875
132
834
909
864
423
407
394
214
15
408
70
859
400
919
117
475
676
796
330
295
192
771
50
598
503
633
68
795
413
496
302
848
29
162
506
698
224
541
467
202
304
234
898
970
163
651
852
508
383
512
607
869
594
648
582
227
291
960
651
869
388
799
395
726
791
688
6
331
578
1000
130
729
411
167
13
829
466
437
847
62
793
903
956
230
530
431
917
96
733
534
102
551
558
841
523
976
337
906
266
685
114
410
796
961
732
233
155
323
930
578
62
376
365
581
648
119
341
250
791
21
440
709
245
645
834
199
261
623
196
63
734
954
198
47
858
149
542
314
147
109
717
577
368
315
723
568
265
559
169
973
446
360
62
964
391
853
826
964
428
872
521
889
579
364
12
164
38
470
918
131
405
971
454
213
572
265
769
555
913
958
85
516
646
104
3
536
558
293
835
561
489
415
377
562
876
237
709
694
936
175
554
889
316
568
709
305
499
158
1
953
132
688
981
467
660
823
33
243
770
561
774
68
48
218
16
178
871
519
643
728
735
500
687
356
394
489
978
645
967
975
100
901
672
824
962
488
949
363
413
931
365
943
432
308
102
804
525
356
468
56
67
483
413
920
216
546
576
834
372
861
402
816
515
305
987
932
657
86
325
517
686
85
872
392
907
907
992
832
226
163
574
442
532
490
169
327
496
236
928
686
348
868
874
171
311
820
546
195
818
986
347
120
275
82
633
586
541
795
191
727
967
415
449
731
931
208
132
335
614
295
526
231
49
43
907
218
270
554
676
622
266
342
551
625
372
338
94
828
260
13
200
790
889
921
479
593
281
652
413
920
148
27
97
122
519
404
740
980
548
936
496
793
442
112
471
883
897
801
70
745
671
235
94
350
863
18
268
506
818
371
327
118
649
132
521
606
978
765
483
502
524
364
513
797
256
730
963
546
350
651
154
944
213
580
736
289
924
291
606
128
979
570
229
148
907
895
786
880
219
389
94
884
433
890
428
672
501
662
738
957
234
534
260
585
340
229
165
530
451
740
613
582
278
722
139
804
747
792
88
301
878
247
629
216
232
231
9
255
864
809
22
70
772
937
546
870
706
821
205
813
748
401
261
649
604
370
987
264
610
857
163
983
248
867
417
745
849
928
816
933
400
931
600
664
362
679
502
370
324
844
967
945
381
794
324
192
637
841
225
118
114
171
455
91
846
491
375
167
289
38
297
677
617
163
275
584
546
700
523
345
40
602
329
601
840
716
215
800
768
337
77
351
500
303
432
927
665
366
4
973
125
524
413
638
940
37
514
554
881
661
544
861
867
79
164
889
90
262
306
224
930
539
798
428
179
892
958
513
741
11
252
561
238
857
451
789
328
969
224
917
210
460
270
55
305
427
112
700
316
883
974
793
857
17
632
959
979
961
577
94
967
48
341
480
545
489
509
27
942
716
351
811
75
268
853
785
114
888
792
95
264
673
113
484
850
789
57
152
360
678
724
11
385
33
310
442
497
355
713
442
803
215
309
540
424
947
509
343
366
722
902
463
169
601
953
175
196
113
896
757
437
193
613
928
241
959
837
340
226
688
804
572
674
104
919
928
829
820
421
176
523
835
683
104
449
830
1
944
479
140
850
41
912
829
891
358
646
695
925
838
110
964
44
530
206
862
147
933
867
789
187
378
834
938
557
430
129
922
540
392
371
497
620
36
773
108
766
950
117
466
985
747
131
485
136
743
551
536
176
147
418
323
391
650
571
160
388
965
602
62
334
577
623
891
918
748
200
148
867
108
678
723
335
419
848
100
139
128
520
681
537
25
275
295
683
963
321
258
341
871
613
26
205
238
50
387
748
565
580
557
786
530
834
285
739
95
110
972
469
551
34
108
816
720
384
687
474
676
913
798
110
618
453
396
72
893
720
864
637
219
193
464
251
970
358
764
936
344
498
383
167
322
912
654
210
126
616
27
398
45
867
910
375
555
386
905
868
687
743
41
514
122
212
134
824
692
721
509
990
915
782
475
903
48
294
487
342
254
294
819
375
827
359
884
888
111
261
576
67
203
736
357
153
859
666
359
734
291
205
895
597
462
124
259
54
926
290
274
79
828
450
121
695
493
947
553
267
645
487
708
705
810
322
451
317
947
378
443
854
386
370
958
786
686
150
454
315
965
297
986
233
648
161
228
405
724
833
114
675
655
989
323
444
311
85
247
125
504
168
126
123
823
522
433
489
42
232
517
317
439
528
198
110
310
316
685
245
371
618
407
263
924
33
780
332
989
245
243
433
341
460
339
286
421
167
46
952
559
970
297
741
871
950
662
581
449
758
248
451
741
678
332
867
130
723
166
815
539
627
685
352
667
821
781
918
287
240
565
169
988
7
334
250
642
184
929
206
829
169
991
324
44
172
533
983
578
71
967
13
898
943
191
391
197
766
826
326
480
13
522
38
881
944
667
50
459
455
496
268
363
659
891
385
491
827
146
219
819
551
23
901
544
11
976
974
50
158
901
932
399
761
176
717
99
262
26
787
619
171
79
540
695
758
560
171
311
59
956
860
507
193
264
778
42
482
258
198
663
880
78
381
898
268
460
919
479
936
339
100
998
858
111
879
811
679
599
311
249
437
406
771
326
53
690
178
432
603
438
106
682
154
356
152
84
43
505
952
886
576
244
907
276
431
935
33
166
229
982
591
310
803
213
786
740
755
911
142
477
608
276
756
131
678
7
842
721
733
758
406
322
129
484
781
783
735
713
876
697
505
939
350
248
0
996
830
641
288
326
28
697
137
312
24
421
252
842
729
826
152
612
260
826
502
886
520
398
143
77
579
962
702
61
665
455
605
104
555
550
577
798
160
35
265
508
575
412
809
685
567
920
689
178
61
95
361
340
475
701
166
500
879
256
368
71
368
948
218
577
549
851
826
375
113
490
511
915
304
63
592
407
947
652
421
628
202
223
719
410
952
935
744
285
701
870
920
189
885
965
772
712
334
730
288
367
886
429
25
194
399
91
857
221
300
212
509
525
355
864
655
34
849
575
61
413
419
247
876
736
422
137
1000
80
277
522
516
359
177
529
889
282
491
754
844
959
704
66
269
579
873
167
69
814
947
528
803
92
251
475
589
300
357
702
479
547
970
181
464
231
595
561
46
440
58
639
487
278
431
49
956
224
584
860
909
405
588
257
953
790
327
954
26
703
769
109
670
251
200
831
221
292
482
118
920
98
685
17
442
159
586
563
356
504
403
233
187
246
712
731
24
696
537
134
90
863
145
769
777
160
883
137
521
763
985
30
725
164
551
474
621
174
8
797
99
5
766
277
383
462
988
427
263
325
289
894
216
382
953
238
559
254
262
678
66
310
596
369
15
299
882
726
162
575
780
433
883
925
296
859
599
667
703
961
467
128
422
368
905
585
262
468
579
7
451
582
206
993
227
405
199
752
348
334
323
386
516
402
335
901
134
333
46
46
829
559
561
596
350
620
419
479
303
910
733
762
255
782
267
644
182
613
59
111
211
244
691
788
406
899
468
22
236
972
264
37
702
833
961
310
143
443
706
563
983
601
558
283
915
185
705
803
756
112
582
221
182
98
282
3
776
991
357
745
371
180
750
706
258
879
30
189
900
999
536
893
734
512
707
958
249
865
930
974
44
302
546
424
380
309
668
455
720
568
834
879
412
336
446
569
182
283
227
455
911
52
737
554
173
630
1000
605
159
889
994
532
874
282
972
683
412
301
199
40
520
181
718
389
273
272
238
744
86
185
569
372
384
209
815
950
163
743
626
217
153
529
202
839
116
577
660
55
748
85
445
327
845
831
820
132
886
8
659
928
458
919
425
431
815
984
301
493
249
149
820
957
15
669
512
852
376
54
720
791
995
607
701
302
639
284
316
693
0
935
546
763
453
44
512
598
783
344
118
232
994
56
960
592
608
275
998
343
273
512
503
918
368
282
168
589
211
662
286
771
284
868
908
232
118
884
132
76
24
469
50
753
198
920
916
355
197
694
13
715
999
48
201
768
54
856
968
143
141
327
668
443
422
960
935
980
682
187
811
404
869
125
461
54
583
219
65
958
18
926
862
204
639
638
361
652
188
458
817
867
737
92
158
279
539
117
815
932
919
817
305
461
336
90
426
873
568
798
126
889
964
1
680
500
502
447
820
815
141
981
858
789
314
721
449
2
893
228
6
732
345
186
833
601
411
312
925
362
733
703
233
515
504
146
363
93
677
1
729
745
514
530
77
530
881
63
183
736
648
973
843
885
469
488
51
29
562
300
101
602
176
56
212
485
175
502
591
288
768
505
452
941
975
922
74
404
337
617
330
433
550
528
685
703
282
884
435
253
390
339
348
618
57
765
425
28
978
432
444
231
590
428
559
721
816
750
889
286
640
499
290
254
10
501
152
568
905
351
389
165
388
273
361
0
343
173
197
926
287
481
772
467
789
61
380
114
515
26
868
479
893
662
434
901
527
409
227
620
687
804
195
548
740
552
142
152
805
698
463
744
640
310
157
677
536
213
398
111
189
338
75
560
575
397
356
256
114
987
186
716
488
287
989
72
753
732
511
944
432
736
269
701
974
990
1
711
832
126
159
482
285
404
791
591
915
161
12
642
859
722
560
278
731
639
404
352
606
689
514
479
970
983
470
476
725
43
64
70
195
706
221
95
503
782
282
506
260
353
812
418
864
863
432
552
532
427
763
482
809
592
431
465
49
726
661
418
10
291
52
122
797
465
869
186
146
200
915
177
412
365
493
931
126
523
490
283
272
485
57
469
772
53
545
827
660
519
638
63
648
983
249
404
506
113
225
169
282
147
499
159
363
136
153
922
801
146
731
499
929
147
741
319
49
93
13
377
294
288
832
743
526
654
195
5
476
539
632
333
984
66
229
671
268
413
701
514
732
717
489
711
649
395
53
833
895
594
21
236
663
198
187
203
659
831
145
883
569
165
946
605
599
76
647
63
680
697
841
569
839
439
28
445
931
464
674
386
982
291
687
957
358
71
64
604
172
181
561
372
236
43
675
146
138
625
558
32
991
425
829
626
674
584
715
104
998
431
355
334
663
822
239
886
197
606
98
803
568
423
92
561
733
575
912
133
168
715
711
316
685
52
711
733
915
298
233
996
122
830
574
676
227
958
991
473
934
305
492
281
826
274
628
197
935
665
564
736
209
74
292
272
341
116
36
797
667
83
885
3
226
634
945
281
849
289
657
96
16
409
783
465
381
865
139
456
335
684
970
712
322
474
412
923
500
728
96
380
562
341
859
561
182
550
108
742
138
660
494
186
686
894
900
820
582
512
664
148
842
463
693
883
277
20
327
365
708
986
758
949
851
403
404
557
750
108
235
470
50
417
706
263
242
114
898
45
332
354
348
493
866
57
28
993
766
336
915
41
563
343
158
127
685
257
224
513
61
574
38
193
695
156
148
146
109
55
274
49
0
957
898
119
159
658
16
423
635
50
348
294
122
411
480
894
188
197
79
739
519
89
244
628
353
879
505
121
422
622
233
582
957
309
923
471
272
260
867
496
952
969
856
787
421
58
736
513
302
759
811
477
973
431
176
939
86
742
94
585
968
804
528
867
311
823
587
105
557
256
783
378
452
893
679
748
310
223
552
142
193
815
170
896
