637
261
759
367
814
707
965
861
757
667
944
542
29
860
476
794
965
255
664
53
922
160
115
380
480
889
252
389
556
104
587
255
13
748
221
417
286
186
938
888
784
398
163
780
816
73
142
632
632
455
129
135
1
995
892
5
214
792
220
983
169
893
170
296
321
984
203
552
897
694
640
209
186
963
991
707
201
989
988
915
392
305
22
369
424
169
958
149
270
66
339
308
837
617
600
3
610
694
724
346
67
317
363
838
313
492
713
323
189
492
483
721
180
58
262
998
961
23
972
767
366
865
413
18
562
806
428
374
385
592
861
9
463
47
724
185
638
978
977
201
121
773
251
951
839
964
473
352
524
363
914
537
256
794
473
110
603
766
799
816
376
880
302
37
443
968
93
213
348
525
625
371
940
151
348
282
946
719
558
94
319
702
324
313
181
817
80
641
152
738
705
316
495
165
737
49
82
615
546
945
415
32
243
758
608
352
846
256
466
666
431
149
57
938
653
33
820
505
342
858
212
133
749
577
972
135
645
918
806
423
109
172
444
381
152
60
865
430
301
144
464
944
635
872
173
999
534
464
983
499
705
747
325
490
280
298
481
413
923
150
115
386
841
544
982
183
642
959
511
888
346
184
91
503
278
527
800
561
888
514
369
64
804
814
793
364
711
601
679
35
777
313
372
572
721
684
287
855
497
271
788
707
733
300
979
968
348
665
182
594
872
11
485
560
792
256
333
687
280
474
295
836
512
662
689
816
365
356
280
659
353
755
960
848
418
358
944
863
176
890
887
704
460
999
373
979
342
530
145
542
170
203
856
370
959
874
488
289
708
80
736
686
747
426
175
631
799
958
594
528
681
958
430
309
638
566
793
887
652
277
737
28
200
163
600
451
639
665
185
224
777
702
184
646
735
42
482
231
169
55
913
136
113
324
991
185
494
198
561
36
425
476
359
389
678
626
73
604
209
243
735
924
382
0
358
415
974
285
876
419
887
117
705
851
560
382
987
36
563
628
308
97
302
558
524
347
973
594
300
981
360
838
132
429
419
832
577
657
551
378
478
145
160
610
391
577
488
980
203
991
136
623
93
359
840
914
677
0
391
110
333
579
938
629
552
144
333
644
897
912
577
384
439
442
1000
231
505
298
491
995
725
388
393
984
875
935
162
610
608
266
758
308
508
257
425
20
326
967
314
503
951
293
146
488
24
124
675
636
983
454
251
300
40
800
139
846
401
13
491
545
573
280
249
957
485
800
37
251
501
274
864
158
738
292
300
504
622
486
530
660
884
618
901
761
916
121
16
778
129
307
289
546
725
344
628
303
748
542
27
475
358
369
698
762
832
604
135
37
2
258
566
466
702
938
110
909
703
558
195
14
439
797
826
437
609
589
705
725
976
647
664
493
879
933
861
394
487
401
698
872
736
201
920
303
476
849
776
67
310
856
3
711
797
443
596
293
663
799
483
932
318
146
169
489
711
562
910
509
996
338
550
157
435
599
554
831
49
70
750
235
273
839
87
810
64
679
964
26
341
739
439
70
414
718
498
50
126
862
125
224
629
661
844
975
113
729
916
137
299
722
940
448
153
187
625
189
423
821
165
68
637
218
44
568
110
676
388
763
73
286
58
584
589
121
760
408
899
638
137
10
442
93
322
701
614
501
501
361
961
671
383
936
57
141
714
301
154
582
646
694
517
297
932
964
568
563
635
225
269
64
564
241
260
852
768
290
529
998
136
827
240
884
380
464
754
398
183
134
730
19
670
349
87
586
683
36
93
884
127
518
608
464
244
399
897
473
491
986
331
110
815
543
30
555
742
393
54
868
154
967
974
439
697
813
228
767
118
85
996
933
681
503
840
216
143
718
639
384
362
855
240
296
341
952
628
722
357
815
395
387
139
740
851
366
663
303
823
646
443
984
872
370
529
37
606
587
220
757
184
405
64
99
37
33
190
207
200
40
501
910
959
492
677
778
356
0
437
481
307
911
957
634
943
438
331
476
472
102
196
158
669
162
72
383
889
394
889
901
480
155
565
260
112
284
838
165
768
293
688
240
33
493
917
32
352
946
770
377
323
960
60
704
22
689
467
483
869
968
159
120
804
684
332
298
464
690
245
746
167
34
205
731
25
588
236
672
80
632
410
933
996
723
372
696
319
188
479
370
289
68
749
735
479
167
794
246
179
688
213
963
44
661
623
440
743
998
277
6
473
62
463
797
697
420
173
46
34
561
855
857
531
578
358
962
96
733
72
242
920
822
502
94
958
482
55
699
249
659
51
509
406
800
61
49
261
853
417
456
313
655
52
896
38
972
994
199
183
712
520
655
412
192
544
239
86
949
321
809
110
88
554
943
165
612
77
877
747
219
639
17
451
552
366
498
433
585
786
385
534
640
135
743
12
934
774
314
705
459
912
846
229
567
118
142
319
494
89
798
790
269
839
412
320
135
132
549
83
482
250
713
86
817
438
990
590
682
251
282
62
504
717
254
49
720
204
815
292
903
382
906
100
73
430
787
321
388
770
787
569
0
917
292
669
962
777
134
588
28
452
146
836
704
671
800
977
19
745
48
718
437
274
109
831
824
391
575
133
328
67
313
173
140
268
509
692
330
292
34
65
555
782
756
570
28
28
124
51
992
133
846
365
446
880
264
972
974
626
17
236
540
439
128
371
206
338
366
12
167
598
634
846
167
744
97
274
543
620
175
645
726
147
456
783
961
444
813
439
121
341
324
456
936
233
472
610
444
175
452
49
785
684
958
164
545
484
992
503
610
1
106
129
833
870
429
701
53
212
1
33
930
590
241
493
721
902
362
402
475
220
206
283
841
205
310
575
528
365
782
769
804
247
375
360
828
254
833
679
860
930
870
63
632
506
410
357
146
146
851
244
501
390
38
96
173
406
101
771
734
288
921
942
204
815
816
773
331
488
699
481
883
546
638
93
819
203
385
705
10
106
524
619
600
635
189
832
398
22
324
694
27
624
319
525
392
513
487
558
720
707
408
460
806
835
593
946
957
709
570
686
62
549
150
817
426
371
981
607
20
695
788
534
211
290
293
79
27
89
792
364
625
594
883
777
963
731
423
314
991
951
14
281
951
733
240
73
38
771
90
686
984
979
307
918
359
704
820
858
954
756
620
625
575
213
494
529
94
917
123
244
350
998
804
557
433
402
992
3
687
399
387
182
768
668
541
921
212
932
693
628
329
395
331
111
863
705
910
566
704
732
382
254
908
102
217
300
312
816
274
816
637
79
918
973
171
78
647
422
784
189
230
671
64
583
579
641
850
655
899
559
745
416
426
236
435
494
541
610
926
250
309
428
287
86
619
910
989
338
191
431
31
152
118
302
576
568
617
576
188
444
194
333
608
104
661
805
706
338
746
78
62
975
496
141
854
531
980
74
326
193
870
479
660
393
948
923
234
914
713
630
860
816
488
860
103
1
198
688
160
114
95
343
155
376
630
778
107
588
776
451
753
330
835
788
823
187
730
915
946
562
979
594
640
890
988
891
105
374
105
833
66
200
211
331
383
177
469
912
696
760
783
85
251
412
964
556
477
384
5
120
611
985
383
135
700
3
507
390
985
350
967
760
73
502
778
960
738
729
303
16
119
828
490
362
768
755
200
940
351
391
145
297
927
510
657
713
784
807
90
589
112
303
417
345
965
868
64
531
442
51
225
430
243
277
682
737
75
149
277
990
98
566
489
442
184
554
864
395
876
956
250
94
463
364
132
830
85
5
837
784
144
369
830
16
21
256
575
469
979
392
888
529
80
54
994
223
198
997
822
453
12
483
531
87
979
285
612
977
859
703
481
520
23
54
163
402
789
797
512
445
880
607
962
924
676
660
633
651
601
36
220
24
431
788
740
423
831
895
843
845
442
937
919
387
15
835
774
170
913
346
151
310
799
195
432
854
995
78
378
221
403
431
195
277
142
481
372
293
2
682
648
126
787
173
776
468
78
75
703
390
36
918
419
906
153
201
663
18
765
848
505
983
325
613
469
139
479
242
79
942
373
960
633
31
14
189
831
439
87
273
134
771
669
381
342
793
219
155
300
530
917
998
913
718
570
92
290
113
108
658
409
383
310
377
928
489
560
595
454
989
891
246
988
582
143
269
17
558
12
749
394
136
243
492
680
722
57
8
15
789
216
428
238
516
733
625
241
811
314
57
823
512
244
39
708
394
905
354
795
21
571
304
450
460
105
670
126
946
927
379
582
542
282
730
597
959
608
972
399
386
309
867
170
605
954
698
79
660
459
56
753
217
541
634
398
100
946
525
306
837
564
382
849
418
141
467
359
64
506
3
579
578
212
580
464
43
61
759
90
119
350
906
147
383
990
348
269
834
282
495
802
147
758
127
268
257
849
25
640
258
397
170
643
808
251
718
269
606
897
896
449
937
918
856
181
608
140
579
53
923
757
363
574
126
9
466
44
710
843
625
506
690
892
665
40
26
602
421
120
422
738
543
625
453
626
590
226
549
971
712
113
722
65
736
700
605
95
43
68
732
471
311
664
537
913
554
738
859
71
979
658
696
863
279
123
414
772
312
264
464
305
306
1
899
776
330
528
673
923
509
476
389
159
671
221
966
269
322
969
626
210
468
90
153
361
81
655
435
448
636
530
666
404
179
201
142
937
502
173
703
514
457
957
587
352
934
17
148
444
274
576
505
514
548
973
921
221
568
245
678
172
429
565
803
257
855
321
300
631
110
200
265
435
366
866
911
528
270
498
644
726
656
88
979
832
119
706
788
113
344
98
105
891
647
291
864
773
596
183
51
795
995
556
393
176
651
342
741
784
266
102
418
878
337
903
98
319
65
299
734
345
420
890
418
64
67
308
70
184
40
966
96
809
754
917
981
518
416
106
472
426
73
231
431
27
961
578
554
296
667
110
697
523
331
955
370
968
77
477
389
105
174
787
251
117
629
550
97
85
670
679
555
389
447
117
278
313
564
464
996
840
438
40
214
903
527
940
136
390
672
649
185
940
196
333
902
830
728
541
72
142
313
54
876
961
656
477
313
453
566
939
817
587
650
512
261
290
170
762
643
262
467
481
413
776
727
619
100
137
610
207
468
711
972
746
787
105
455
239
136
255
171
658
91
736
457
263
634
475
877
693
167
821
715
493
107
305
594
906
257
642
364
714
53
555
737
568
125
211
782
24
344
591
605
492
654
862
500
895
894
533
941
618
288
619
341
59
897
295
136
536
430
301
424
379
999
791
131
296
670
199
775
974
745
33
1
499
966
163
319
986
873
427
677
288
430
841
857
605
691
472
348
936
749
536
517
335
728
705
629
808
815
14
163
590
506
667
1
551
809
494
790
476
857
382
44
232
548
2
490
994
122
754
207
173
997
174
873
519
243
681
849
408
666
104
394
427
660
884
234
661
280
942
10
209
672
241
595
68
761
953
515
382
445
596
313
228
752
96
381
570
611
564
775
824
455
803
702
744
63
913
266
543
860
2
150
435
58
474
14
194
784
194
108
176
469
910
448
920
822
480
488
296
534
76
25
787
814
715
785
627
638
476
854
633
628
618
733
930
871
871
632
209
20
667
905
454
514
206
991
67
713
348
205
102
546
378
908
91
176
225
405
3
34
438
59
307
192
746
892
398
400
170
790
976
117
915
393
705
192
222
135
412
921
461
150
418
983
26
280
466
537
786
206
710
704
880
858
699
273
781
94
891
238
939
432
812
832
426
843
675
921
674
574
903
845
730
752
454
750
195
207
335
596
256
733
698
887
787
47
196
840
546
993
860
164
374
648
96
725
620
443
371
835
147
642
294
186
7
557
152
722
435
970
107
760
6
717
563
477
980
848
854
919
333
743
946
906
81
499
154
376
6
59
740
616
378
775
906
489
271
822
585
462
907
940
337
622
992
549
422
174
402
436
572
450
842
16
235
491
301
111
836
526
72
795
549
495
224
85
681
670
608
321
96
82
747
333
417
178
328
358
877
787
797
42
316
644
693
798
126
949
531
911
84
782
656
891
937
697
651
87
41
498
525
900
480
221
453
311
154
434
284
630
460
586
72
993
690
529
249
902
297
851
93
604
309
74
953
385
298
423
98
163
354
640
967
434
90
350
891
214
364
698
106
472
332
100
850
882
508
335
36
702
988
463
717
892
953
59
609
233
910
292
316
270
470
841
910
514
538
355
525
519
95
866
522
583
903
462
422
672
201
629
746
415
956
436
126
134
64
449
330
900
38
313
805
373
431
617
962
604
110
179
9
456
146
751
312
42
581
111
603
773
716
926
48
69
944
83
301
641
299
291
442
672
237
35
443
467
303
165
711
340
540
710
522
577
873
404
861
477
634
473
867
39
181
374
485
327
869
639
90
113
448
906
279
379
942
802
348
965
642
962
118
399
411
877
460
270
133
148
765
819
744
555
468
365
284
185
177
421
9
954
699
411
323
261
199
634
159
447
933
628
528
465
121
293
387
36
198
837
198
674
415
249
707
511
896
594
683
515
26
922
116
797
567
313
101
346
344
626
355
166
867
956
12
46
200
511
33
279
486
538
209
46
943
229
338
806
321
226
376
466
17
33
715
124
777
196
111
710
319
122
253
920
66
649
112
790
916
757
598
942
943
855
359
801
345
261
420
173
795
276
313
66
400
179
246
737
986
502
858
10
785
312
481
869
237
871
56
746
764
748
774
933
966
570
223
392
681
586
99
289
496
37
704
266
3
468
150
123
759
82
946
253
327
376
246
980
629
498
6
857
713
762
1
606
969
329
534
402
361
324
274
649
220
875
860
809
597
302
463
153
702
9
606
598
203
233
931
5
577
309
91
233
242
210
392
680
662
598
222
288
861
748
141
211
777
943
173
121
620
606
629
721
858
750
610
498
227
892
449
644
313
707
260
80
611
191
603
476
819
558
665
97
692
759
655
354
581
486
967
534
858
14
309
14
573
169
619
163
671
805
319
388
285
858
481
872
615
620
660
345
136
198
456
561
573
646
199
759
104
625
951
862
21
935
510
185
301
559
31
203
276
733
165
283
409
846
931
277
81
655
360
319
711
115
639
249
21
618
234
966
287
825
916
387
452
827
263
68
491
404
496
153
415
683
912
738
488
961
550
63
789
979
407
627
612
45
206
517
790
678
264
338
515
700
179
376
441
631
827
628
693
686
166
947
392
724
845
726
876
721
946
236
579
628
804
635
676
62
289
772
232
427
503
491
536
870
739
180
783
830
479
492
962
502
453
646
580
244
242
331
727
731
225
979
150
86
125
795
456
667
479
552
666
808
11
880
691
150
14
498
714
630
695
715
143
981
114
822
47
848
779
66
862
436
451
935
188
968
122
774
21
341
807
788
446
544
683
532
652
773
886
347
731
229
993
167
505
524
505
868
673
915
575
330
50
788
982
601
326
9
511
43
208
194
561
951
259
284
995
305
235
831
685
247
454
683
68
582
508
917
942
488
238
336
424
265
221
372
446
0
322
122
810
152
243
322
293
786
240
964
936
362
783
255
300
106
644
572
490
259
120
544
536
645
275
44
147
683
804
885
107
103
449
307
784
148
555
952
894
226
324
333
969
188
44
441
916
666
434
392
3
117
265
854
538
733
400
754
89
830
98
6
321
314
573
476
142
931
737
929
643
153
372
986
567
886
311
284
84
447
436
986
533
7
464
491
317
756
970
486
101
315
533
796
76
250
432
112
106
597
243
656
519
636
398
536
196
689
688
688
485
533
533
375
206
150
727
30
24
123
632
415
423
10
983
690
479
345
574
239
918
321
927
504
264
214
232
872
499
494
259
70
272
87
629
911
989
592
561
298
730
442
47
687
910
479
958
54
680
177
51
238
435
529
856
891
607
153
213
359
240
702
65
793
534
439
185
228
456
967
917
991
922
662
503
587
802
884
137
455
970
166
886
371
494
117
907
479
304
73
473
330
684
946
368
857
621
956
744
249
75
527
286
674
671
380
930
314
697
531
39
761
355
380
353
804
175
870
230
390
528
420
381
618
273
431
421
856
969
225
611
184
769
729
955
939
31
350
901
45
97
795
200
931
757
437
770
538
629
909
487
687
739
116
438
199
378
224
404
115
577
37
387
974
322
972
232
356
160
422
340
285
859
800
318
504
335
174
236
905
915
950
914
47
775
470
335
226
89
654
509
367
989
305
91
309
151
621
336
515
714
499
782
696
169
484
202
969
402
449
810
277
952
659
636
923
603
26
808
818
728
612
198
108
426
773
160
525
21
724
703
587
336
716
260
788
26
867
23
885
687
572
366
965
446
703
692
911
929
117
717
538
224
681
772
188
707
594
659
326
294
715
910
208
624
404
727
164
141
619
852
495
294
632
407
754
465
329
735
271
322
338
35
291
673
405
482
623
575
794
671
242
268
803
77
816
111
85
596
106
613
417
662
635
109
873
368
137
508
898
431
37
482
615
380
329
778
672
589
263
125
867
978
539
807
766
644
560
199
602
969
589
726
117
508
133
925
748
68
357
288
131
640
835
608
765
239
782
52
396
112
134
458
777
79
220
930
684
450
713
77
279
765
2
102
604
531
809
214
602
619
682
233
595
748
914
445
516
594
508
309
112
235
142
561
496
622
376
931
666
618
864
511
18
666
142
643
883
417
645
273
137
698
33
396
770
38
425
174
367
603
703
469
671
491
501
431
835
232
334
838
359
487
769
961
695
985
436
122
910
739
26
965
549
757
878
707
900
22
197
687
826
736
545
457
957
142
336
334
680
918
657
421
81
347
279
398
76
127
78
700
74
72
688
869
527
149
74
195
913
972
942
510
447
772
855
353
391
248
613
377
195
196
86
926
678
904
998
696
317
272
35
748
423
926
827
607
396
225
895
624
328
979
129
604
617
152
12
207
451
645
200
49
862
1
692
383
803
263
507
505
504
75
462
573
79
691
891
324
177
595
825
539
42
808
905
590
64
653
22
577
333
842
98
843
116
485
886
919
854
868
8
550
915
242
623
472
876
26
717
242
385
359
116
41
783
114
727
200
481
327
277
226
372
992
958
579
474
602
215
241
197
956
181
903
201
127
747
605
396
640
485
16
700
898
279
953
608
491
209
15
226
19
558
765
437
956
915
159
146
393
938
894
268
177
351
549
108
707
323
269
205
370
666
855
553
999
676
712
380
188
781
441
741
171
501
255
825
342
56
169
993
696
970
535
562
297
260
819
145
996
117
929
449
992
76
124
535
128
261
756
790
370
273
57
876
450
968
868
951
233
674
951
887
483
798
905
239
475
179
553
165
264
860
775
679
376
655
905
206
724
673
439
967
31
46
275
348
427
233
379
113
596
907
5
729
478
751
913
591
975
331
705
520
702
885
617
126
349
809
804
471
722
507
397
962
787
564
81
612
738
314
852
680
599
500
844
966
217
436
260
973
851
44
928
74
371
347
438
846
377
571
262
200
103
988
256
793
130
265
147
995
762
80
197
81
170
380
634
73
133
941
853
570
665
619
898
266
743
593
748
847
273
648
432
120
388
291
401
934
453
446
250
818
990
645
937
84
132
215
996
591
376
808
855
238
515
255
272
386
166
470
360
430
847
947
393
622
138
284
710
352
81
519
340
164
682
401
837
66
703
672
647
888
633
920
883
611
621
393
116
573
903
568
302
180
28
553
669
509
522
202
17
453
510
856
66
656
339
336
160
244
944
645
451
566
9
305
161
482
102
416
791
642
356
899
633
381
908
550
152
575
904
683
264
249
643
252
186
944
929
148
719
697
182
266
432
502
653
462
733
244
180
423
980
539
39
887
146
178
756
807
380
604
199
1
794
301
959
212
870
723
989
405
638
611
630
916
792
679
11
134
650
452
260
722
862
156
922
90
734
465
945
341
666
162
65
553
717
811
223
801
867
732
947
450
197
647
699
948
365
511
470
76
599
148
740
975
282
726
64
957
808
151
91
107
83
699
266
438
885
474
231
238
954
781
879
800
697
743
485
440
835
502
70
405
870
476
315
333
251
480
8
985
820
803
138
29
686
865
839
279
353
941
910
622
962
601
72
459
640
564
389
229
477
86
561
568
880
615
645
841
909
503
254
342
816
445
401
219
186
359
822
329
591
875
230
941
914
205
503
542
690
76
969
334
655
556
441
559
859
292
144
546
271
989
746
714
365
271
369
699
630
580
377
194
687
52
384
137
799
683
397
591
843
895
304
899
175
12
337
320
128
142
895
998
344
426
794
245
345
903
405
871
252
250
581
312
969
509
135
539
215
671
406
691
122
830
147
728
619
519
307
439
937
679
984
39
686
91
281
840
777
601
346
155
890
813
433
213
708
852
768
17
719
480
770
976
350
863
155
529
377
400
981
892
37
174
288
966
316
904
450
83
891
24
176
593
106
83
18
42
347
611
743
445
463
549
661
286
525
606
369
407
417
929
41
829
974
284
750
898
99
170
207
389
801
823
519
355
766
19
769
213
148
582
842
90
206
264
141
790
765
780
834
568
310
871
394
960
751
961
301
63
455
873
185
132
296
966
128
908
908
354
251
585
202
746
448
721
175
247
946
657
584
610
862
590
503
808
510
515
978
711
128
225
231
948
876
977
603
830
800
145
743
790
862
624
840
769
312
544
514
224
918
333
550
946
435
539
190
32
903
656
186
608
641
309
503
823
466
58
645
275
629
275
500
312
925
658
908
49
800
9
742
91
736
239
202
193
502
914
273
878
209
160
972
768
236
201
834
339
853
190
414
474
25
358
181
124
660
167
726
644
363
715
613
404
166
427
673
250
800
643
801
929
576
543
587
988
2
470
272
254
416
728
74
781
75
145
980
613
699
713
575
218
705
923
889
137
650
980
437
215
401
444
993
798
976
474
155
185
837
461
658
619
351
10
711
286
281
718
763
314
572
445
599
98
57
544
924
790
978
560
779
359
300
336
739
95
119
149
559
979
353
482
944
296
220
72
46
445
192
243
515
179
908
339
775
127
21
22
83
997
707
56
365
914
264
429
305
123
2
439
639
519
350
56
636
555
663
7
29
305
381
728
847
864
745
182
944
416
362
970
625
322
364
120
561
252
829
886
886
353
160
681
438
960
200
636
881
202
524
492
262
333
463
490
634
629
421
999
256
705
266
520
289
830
311
519
616
197
780
686
812
276
964
217
826
398
197
496
654
33
308
369
925
984
601
522
485
376
649
467
609
715
943
514
414
808
594
706
282
545
699
519
434
569
722
302
356
910
653
873
200
721
496
674
504
378
15
45
129
285
471
651
783
830
410
864
100
825
601
989
319
200
114
154
801
141
444
811
646
194
328
324
745
141
478
930
410
214
703
241
373
608
655
720
832
39
565
593
27
542
693
567
548
527
717
816
723
842
402
881
428
338
868
42
584
481
957
27
200
651
959
491
77
764
651
853
733
750
380
710
765
340
858
743
834
654
887
224
99
889
557
484
168
543
940
202
539
851
677
485
654
760
51
862
964
531
809
599
749
474
518
243
358
818
824
942
113
35
200
33
169
481
787
81
414
449
127
350
590
246
700
794
193
595
259
943
182
199
242
389
631
558
791
962
438
991
190
469
394
775
581
219
990
969
666
735
864
69
853
681
438
698
518
631
853
61
740
391
409
83
193
511
749
623
299
440
271
530
256
323
703
761
661
692
959
580
603
746
495
790
905
66
141
113
603
557
608
341
118
155
590
116
634
28
637
749
84
422
791
840
910
855
26
750
313
109
270
579
270
29
886
261
963
347
739
463
265
543
731
490
110
137
566
924
290
294
796
551
474
312
715
916
28
956
141
583
482
96
957
380
185
720
284
579
262
287
799
406
778
63
555
413
922
844
185
396
70
477
716
171
729
40
426
887
394
912
791
88
303
345
79
859
657
39
755
894
54
362
353
368
907
805
521
538
416
80
133
199
295
373
601
232
936
102
678
598
991
962
417
178
70
791
349
967
375
36
58
373
83
113
932
31
916
381
136
995
84
138
803
170
753
308
456
231
836
213
54
31
782
472
259
794
903
72
744
503
567
135
602
806
611
926
974
895
40
546
173
145
984
734
879
71
657
793
175
306
945
913
772
291
896
757
212
507
710
244
186
502
982
440
266
159
816
559
394
544
478
716
541
347
882
629
747
202
171
534
40
245
913
804
723
195
560
297
534
71
45
306
185
554
612
233
576
123
400
914
39
317
120
221
17
408
977
861
897
764
73
924
421
558
967
342
564
513
107
59
972
698
418
859
865
937
767
850
567
662
53
823
538
298
514
575
718
166
693
958
762
524
707
180
224
872
635
285
217
865
474
641
978
637
364
898
480
323
728
284
583
549
208
431
715
251
488
236
205
378
127
858
166
815
589
268
936
52
816
6
868
706
580
371
820
487
338
146
376
189
925
720
264
332
638
151
581
769
53
296
579
903
816
823
910
118
428
177
920
38
300
928
423
697
937
829
476
458
445
601
143
845
504
228
152
187
967
771
247
897
831
233
900
559
794
519
485
318
859
863
49
289
107
798
863
422
675
150
16
985
705
151
237
104
322
30
133
359
698
27
577
158
729
963
295
260
22
732
44
218
521
13
268
7
124
181
976
549
467
366
255
339
48
936
656
345
323
634
184
898
447
967
728
686
349
83
574
507
192
175
572
702
43
962
944
670
950
720
589
176
485
300
406
601
766
886
592
571
726
797
453
396
409
345
740
863
185
561
350
235
246
476
210
787
884
492
319
14
754
625
49
602
946
41
479
707
761
607
108
900
618
802
831
882
295
1000
95
477
392
649
787
845
780
78
65
81
331
307
937
748
295
28
88
456
889
645
839
103
456
847
713
903
769
584
856
227
193
223
747
757
945
115
807
609
534
354
403
567
345
823
180
518
91
914
684
895
310
516
278
135
679
626
692
137
664
342
11
582
793
513
770
659
840
965
971
795
317
956
977
592
330
578
356
337
774
337
999
490
519
906
814
210
845
419
322
740
632
534
960
718
20
404
127
737
893
85
579
570
429
882
812
10
454
30
142
124
358
415
778
960
657
180
507
914
11
754
51
80
572
284
711
808
112
960
341
704
800
391
580
764
886
684
867
592
405
804
92
566
687
551
892
264
738
796
546
109
844
97
914
644
467
47
399
895
756
197
9
478
180
266
603
493
104
631
29
201
11
556
716
996
257
153
638
223
682
199
829
109
495
12
306
981
776
986
70
40
853
951
592
657
212
109
903
939
118
485
655
981
688
447
715
705
242
190
152
990
646
520
300
673
619
626
757
510
33
466
742
417
871
412
101
588
63
337
872
901
717
227
745
102
923
514
900
454
115
583
353
208
15
950
815
547
685
398
698
765
671
39
224
943
359
854
728
262
91
464
14
39
626
811
491
996
498
610
587
797
483
888
844
863
454
947
270
470
944
520
11
35
604
974
299
90
380
595
530
617
314
178
358
899
307
746
9
924
409
512
390
801
735
934
716
899
970
821
891
262
22
625
269
709
539
807
842
143
184
340
834
628
343
322
477
937
756
424
571
724
840
70
929
919
870
996
167
988
513
349
439
853
883
360
109
132
75
303
680
667
271
31
554
857
69
676
365
486
863
146
322
519
87
510
727
206
815
921
342
757
527
169
827
636
729
612
382
960
240
360
911
164
55
109
431
93
157
717
768
314
84
846
848
270
630
355
657
549
967
316
889
203
749
923
642
895
559
681
530
975
29
969
200
116
705
83
424
157
461
456
866
249
395
17
745
823
823
725
851
673
240
944
622
516
478
798
601
35
88
498
194
432
251
59
803
977
801
84
392
607
620
254
451
43
550
884
273
806
352
688
980
616
906
768
124
262
121
910
885
583
454
456
655
196
617
56
618
974
927
405
157
60
881
808
266
304
77
733
304
112
527
572
821
769
594
579
993
697
193
179
388
829
587
275
604
440
712
120
518
427
103
899
800
732
813
287
73
801
832
595
6
739
700
144
637
115
304
709
91
373
263
876
640
659
546
33
833
445
175
208
635
252
310
597
43
307
191
707
113
45
163
479
38
677
999
990
368
764
775
616
432
64
523
220
257
987
967
286
216
392
982
337
798
482
884
406
99
863
894
668
760
593
581
580
643
456
823
976
621
25
975
423
144
283
542
863
717
862
187
558
912
913
770
1
123
448
303
244
697
756
902
388
282
152
856
330
600
405
370
259
245
767
108
397
35
29
440
615
123
866
208
290
329
340
139
452
206
208
262
631
998
405
434
24
632
366
553
373
982
117
845
844
948
893
892
541
755
608
897
701
340
225
622
529
338
413
947
767
274
899
122
242
636
347
834
760
642
585
238
219
130
388
896
655
212
393
522
917
857
719
497
99
488
454
167
857
958
616
683
844
402
557
728
589
388
518
182
602
364
555
780
228
884
622
526
583
675
757
956
175
665
443
999
725
258
99
893
937
768
696
584
20
606
944
171
371
17
134
31
544
912
320
407
796
616
929
453
641
899
596
754
66
383
552
653
71
219
750
965
831
163
268
933
409
548
31
151
764
372
203
821
694
4
266
771
137
124
810
210
911
532
913
115
689
94
657
636
160
366
559
335
756
653
899
26
943
323
968
535
968
485
26
423
727
391
2
19
929
661
114
363
443
115
806
377
180
686
355
761
426
425
409
118
641
738
614
197
495
899
993
674
375
681
535
765
30
210
136
264
198
654
191
839
178
253
110
210
941
601
81
501
98
575
166
289
7
887
57
753
664
437
308
22
104
0
36
176
743
261
31
353
460
169
530
688
379
461
304
763
962
424
977
249
773
761
550
149
974
866
718
180
236
578
143
212
149
156
106
909
399
690
622
511
213
548
83
736
345
108
468
370
900
507
912
40
841
111
266
49
843
314
287
989
599
844
547
480
238
74
553
986
269
654
815
349
240
495
800
247
192
207
8
56
449
578
902
350
650
948
258
48
517
857
339
855
678
866
295
945
171
616
857
39
682
139
547
326
931
340
753
567
513
506
628
158
556
849
547
726
522
186
742
173
567
114
332
523
177
651
212
737
591
244
624
886
25
923
157
484
630
122
117
177
672
736
929
67
815
639
805
733
579
20
216
150
798
246
279
448
969
870
979
817
617
398
584
12
183
553
388
199
203
296
81
954
122
294
770
404
536
688
11
954
996
62
870
603
19
677
686
129
238
104
658
341
424
346
925
715
559
991
870
678
494
440
58
292
956
138
450
960
481
231
529
830
107
422
659
713
729
30
487
107
598
82
930
761
636
432
705
138
904
302
751
765
468
576
979
657
969
705
82
92
959
170
27
900
993
657
434
799
178
354
928
293
694
180
676
124
180
116
109
173
792
839
250
550
74
879
380
446
450
626
180
505
917
555
115
225
526
256
865
953
127
716
274
781
667
827
99
292
886
175
765
15
567
239
796
121
142
953
867
873
551
343
392
727
833
885
468
808
44
74
715
68
37
517
576
187
222
421
121
429
935
715
609
653
340
360
53
234
960
796
404
66
656
597
198
744
766
643
238
26
661
84
43
657
770
805
627
648
456
195
717
109
436
824
980
6
243
103
113
673
399
401
28
318
581
585
546
381
193
733
625
913
480
87
716
620
809
398
818
513
699
898
101
808
587
317
683
391
200
101
380
540
533
657
277
660
84
310
292
297
423
711
791
131
237
866
437
914
903
694
524
274
633
957
29
100
737
203
856
414
353
699
624
509
98
940
959
601
438
810
469
855
227
916
891
324
976
903
422
928
535
41
293
927
719
489
634
590
866
343
18
460
516
150
992
448
24
174
640
826
385
816
118
213
307
738
985
830
219
64
486
676
887
148
112
924
22
111
617
299
638
500
38
437
858
209
785
527
609
155
248
557
945
7
225
908
442
564
953
930
642
558
537
620
448
964
665
448
418
320
872
990
500
35
130
732
879
172
779
165
215
43
239
444
59
0
857
321
83
319
856
659
814
638
35
115
950
829
285
85
533
113
650
866
505
143
277
754
440
563
494
719
432
463
916
693
651
18
901
707
896
456
526
46
179
913
756
772
921
142
962
707
127
276
612
450
508
162
779
84
758
478
366
731
93
727
794
871
282
934
719
763
232
255
85
793
573
751
894
118
334
15
85
933
588
176
854
891
525
969
89
429
489
540
124
74
622
78
116
871
191
638
465
265
570
196
934
78
611
783
63
278
972
55
129
843
841
321
891
173
324
579
341
375
655
538
606
469
888
554
555
273
936
513
515
978
11
216
765
428
726
473
395
461
675
350
626
642
364
955
332
153
259
457
999
0
323
709
188
376
656
517
744
697
262
839
67
545
654
991
255
465
625
957
207
526
365
695
494
677
265
785
782
666
231
702
992
729
13
258
761
903
963
624
4
513
314
646
422
352
173
245
363
936
994
217
579
366
388
605
282
508
67
94
803
278
642
784
669
140
106
493
791
112
83
78
530
199
450
992
478
243
75
133
164
321
528
167
952
803
960
332
408
710
524
714
226
307
854
561
141
332
313
469
196
163
756
825
888
503
451
474
338
572
938
863
101
148
783
944
325
324
929
611
262
720
892
745
871
340
320
570
209
703
647
770
77
684
590
644
315
489
683
448
107
444
705
668
273
721
589
333
739
78
171
940
333
327
731
146
705
54
913
533
30
172
398
887
357
420
905
855
511
939
335
436
163
74
454
816
347
54
21
862
644
0
910
90
416
159
461
984
900
272
977
979
983
908
764
853
187
245
370
857
347
748
821
746
804
817
838
195
157
548
232
274
788
348
879
608
526
437
526
734
296
5
742
826
575
931
329
711
502
360
533
709
78
216
459
788
871
818
515
607
165
770
29
709
361
787
209
924
450
777
539
932
115
729
633
85
838
204
553
932
95
90
532
889
831
735
476
143
583
907
409
733
351
221
435
351
153
696
173
639
561
596
87
874
850
325
243
876
197
988
570
871
645
447
884
250
626
512
822
406
724
683
904
90
722
299
533
93
15
125
455
318
230
554
454
810
646
383
592
908
916
508
225
980
971
342
336
331
59
165
958
809
730
606
999
972
557
508
906
783
384
168
432
953
902
75
754
193
435
112
72
259
981
219
911
65
828
429
611
811
504
993
656
553
396
928
841
434
503
764
200
70
584
671
194
215
566
739
570
289
325
28
927
460
269
236
759
518
6
424
443
636
225
5
369
174
625
791
757
89
493
819
437
605
293
13
623
564
758
853
245
136
129
184
720
348
273
142
774
498
568
126
94
772
351
711
954
340
853
581
668
640
659
650
803
250
893
728
511
546
914
594
292
472
965
473
756
839
26
983
710
697
192
696
910
114
313
743
304
89
365
921
67
824
61
896
165
757
788
284
328
616
510
500
828
897
778
611
939
419
290
734
461
798
949
650
443
379
25
682
665
584
923
108
362
277
207
149
303
524
93
114
825
782
823
605
629
140
512
719
128
804
670
33
282
751
255
485
296
920
786
939
943
632
947
815
622
191
199
756
109
716
429
766
752
462
463
240
620
388
921
171
603
677
603
694
136
635
995
806
893
294
379
621
763
816
430
644
761
179
467
292
318
673
320
459
700
501
386
742
212
579
971
297
594
559
931
902
440
964
121
615
72
480
933
1
27
87
77
954
611
419
764
39
612
349
257
601
625
168
164
383
136
250
731
517
430
909
113
603
660
773
715
836
643
13
194
101
502
838
819
503
179
426
858
883
753
259
80
490
457
818
729
725
412
69
761
266
941
882
310
628
39
405
564
919
714
540
254
902
922
279
333
628
243
387
4
3
917
674
750
527
815
333
910
323
840
426
12
647
724
990
539
744
845
966
317
311
351
26
204
158
415
859
23
102
740
777
789
374
805
331
501
236
208
299
860
539
195
830
6
948
490
828
944
530
419
525
43
41
361
476
107
448
597
670
474
386
465
416
158
875
554
816
309
256
932
558
762
45
137
514
761
13
130
645
91
397
117
954
393
518
221
170
327
775
533
400
563
569
356
744
616
410
379
541
849
50
723
316
115
74
61
509
493
333
216
311
369
856
10
100
971
966
888
554
319
679
747
466
521
719
313
447
718
148
848
116
808
334
460
11
894
39
222
992
811
223
933
42
654
169
818
693
168
691
580
143
884
22
958
950
709
850
933
49
64
579
763
114
455
20
377
487
308
870
727
199
407
130
170
289
32
179
50
859
432
521
742
82
588
966
987
609
906
421
915
260
552
912
528
859
710
835
649
112
178
948
560
864
467
35
506
19
500
277
520
820
620
347
320
353
157
929
873
769
556
287
486
847
703
803
734
338
375
291
442
200
629
17
805
254
80
932
545
994
68
646
129
998
389
53
44
560
16
993
725
270
291
23
930
954
213
623
789
957
170
84
865
851
885
598
521
887
189
321
204
29
49
648
86
349
712
160
431
158
368
94
921
621
698
795
317
94
660
195
141
842
987
250
324
602
262
191
121
837
666
596
513
90
234
345
247
686
43
243
921
134
114
406
541
22
934
59
343
117
440
306
835
722
915
381
404
34
757
87
844
412
997
536
228
550
717
548
918
791
764
883
43
853
129
787
949
612
492
42
767
82
2
7
841
566
51
612
563
103
607
854
8
418
942
142
981
599
330
270
821
219
828
215
471
806
532
101
63
242
757
142
451
682
567
693
379
438
955
157
156
20
729
950
399
616
623
61
454
652
181
853
349
208
158
967
40
172
540
450
415
447
131
986
596
491
225
755
941
739
661
289
17
471
792
471
786
339
993
202
550
168
738
947
948
938
164
392
277
348
328
777
478
877
483
71
435
927
34
317
533
834
259
267
941
89
646
684
288
143
857
571
597
206
650
743
754
571
747
467
221
521
888
474
760
66
777
245
761
205
239
937
798
744
937
177
291
232
314
902
499
973
715
322
152
989
295
104
555
139
9
123
345
216
580
269
948
363
706
113
913
586
211
540
892
587
223
389
257
855
673
418
250
417
12
585
718
979
66
401
654
696
105
451
518
684
920
548
428
455
209
203
912
330
939
669
485
140
756
297
250
614
20
506
230
773
610
684
802
503
148
533
144
648
304
553
266
549
359
274
767
439
373
692
762
914
669
611
936
6
603
561
995
382
126
559
30
204
209
15
359
730
874
532
924
299
468
449
360
774
335
479
579
12
470
512
794
704
131
368
442
578
644
475
245
982
737
188
668
823
788
290
226
402
58
41
987
256
500
326
848
270
631
648
112
124
466
313
788
555
400
545
778
600
114
177
116
266
445
788
503
982
172
549
87
651
901
274
387
412
426
986
522
608
62
923
388
43
55
22
26
859
946
478
392
110
319
792
334
1
589
198
139
760
207
760
759
526
719
624
204
609
978
265
156
359
790
636
305
239
700
808
468
938
489
642
817
169
960
290
585
602
251
456
403
57
19
372
399
411
383
953
116
919
792
988
558
253
783
698
370
735
646
253
619
609
30
739
1000
607
554
558
303
259
691
271
71
328
226
512
648
427
264
211
813
58
629
424
365
599
907
876
916
923
166
173
191
725
235
201
2
829
226
716
629
886
717
598
177
438
539
813
658
904
740
164
700
871
774
15
89
368
132
379
742
544
457
50
725
62
744
143
790
471
729
104
435
439
922
436
686
329
493
803
844
149
351
121
353
600
608
925
772
194
670
297
719
105
302
665
61
488
201
489
346
365
636
375
518
594
402
162
234
490
627
150
655
522
270
508
755
420
916
322
280
819
498
240
995
539
819
988
909
375
516
430
861
699
365
509
573
799
29
908
46
240
253
514
764
484
228
468
468
652
605
196
93
286
644
251
733
446
580
322
409
306
50
969
511
633
913
323
183
99
590
649
70
616
76
584
236
46
410
619
107
816
102
578
207
684
670
362
244
388
284
266
51
782
718
762
857
553
500
522
655
300
656
996
511
39
994
578
756
315
25
821
931
990
979
598
72
739
990
210
122
462
510
892
517
27
790
339
218
714
395
176
783
10
934
334
713
596
882
97
192
317
607
813
890
704
781
12
652
572
502
427
233
981
282
310
577
466
309
952
718
654
254
138
638
805
215
899
702
931
905
735
912
351
429
837
949
860
142
685
402
181
292
398
89
56
787
368
665
610
754
768
849
455
513
945
995
691
865
758
795
858
794
364
427
782
567
493
216
294
789
685
561
723
732
49
174
730
201
977
34
655
968
367
435
625
953
35
402
943
465
942
671
906
308
44
239
193
672
988
346
678
26
297
548
917
311
753
293
136
245
521
32
614
916
178
841
637
997
365
673
140
806
572
414
310
254
474
692
237
895
402
752
214
154
237
218
927
706
231
219
322
176
426
119
605
802
597
562
493
5
178
264
369
547
286
685
871
563
783
805
745
421
507
230
275
904
407
703
116
980
729
518
619
296
552
426
892
738
135
410
643
110
280
261
997
668
571
524
135
893
355
230
29
367
556
386
120
303
611
691
34
344
874
409
225
804
449
78
173
669
596
507
152
420
404
451
308
175
24
132
891
735
379
331
213
255
486
206
397
645
167
715
414
621
340
25
382
451
757
425
118
180
111
762
888
412
650
863
359
505
672
246
944
888
745
59
19
357
56
371
747
112
155
653
435
308
990
965
257
932
123
41
784
200
810
682
228
722
238
235
675
344
332
650
957
401
372
19
719
426
993
793
672
353
429
881
956
776
596
367
691
11
924
924
55
867
111
71
66
19
283
795
994
572
733
668
371
407
615
143
450
845
498
332
355
300
947
975
765
395
59
238
624
555
959
379
394
187
131
201
51
841
551
410
380
300
561
849
700
206
445
19
622
959
610
896
584
182
529
353
215
754
278
332
691
288
960
222
108
79
53
435
461
391
963
869
901
653
226
407
627
74
74
326
824
993
69
845
965
28
364
189
317
552
350
945
117
137
366
478
216
666
33
48
480
321
853
755
776
970
556
104
124
2
467
312
260
439
472
188
901
949
199
370
545
755
479
549
452
417
71
366
937
993
915
659
221
866
885
155
466
519
879
245
316
372
57
891
572
370
971
43
610
226
970
341
55
852
997
990
225
281
137
125
80
120
220
710
485
315
133
914
316
163
525
425
641
811
546
558
792
247
457
112
860
867
701
32
620
814
100
652
325
97
284
536
894
921
892
691
718
235
697
505
140
284
16
586
80
383
457
806
296
253
52
98
892
637
263
316
437
187
777
832
861
841
510
489
241
495
480
118
212
616
692
765
100
907
665
840
359
825
915
198
134
943
377
90
122
242
538
558
728
252
655
738
629
663
731
964
411
214
44
594
291
602
592
321
735
59
414
563
54
872
624
630
872
490
946
413
282
105
395
382
337
997
857
520
863
473
241
674
185
233
342
454
109
250
883
538
28
520
773
815
967
777
523
371
471
924
579
433
397
415
165
65
16
67
363
291
627
646
277
121
132
125
486
563
131
298
224
342
510
365
739
225
347
918
704
139
326
475
142
672
814
166
663
616
672
855
762
474
524
41
67
689
153
17
554
245
672
936
37
617
749
215
936
197
616
878
905
743
501
175
770
865
26
670
546
875
765
409
808
123
943
523
415
928
49
929
762
859
751
964
749
884
614
23
474
698
883
944
384
308
835
632
7
607
218
391
567
941
897
95
709
176
938
765
623
783
9
493
583
890
753
198
504
254
788
41
203
857
211
309
24
624
683
494
558
555
130
278
488
124
425
821
793
455
939
355
366
553
789
49
497
763
867
346
356
333
217
271
343
44
901
747
683
375
823
166
483
727
882
622
414
229
548
707
834
978
312
699
481
287
362
369
56
910
989
551
866
982
800
799
12
211
928
661
131
101
929
724
379
784
17
323
776
868
25
725
843
921
137
544
848
982
46
116
128
922
703
194
624
347
739
20
128
54
577
435
871
985
831
106
870
498
713
552
836
399
521
664
485
561
619
670
839
801
190
762
280
115
852
15
241
169
122
230
817
585
601
131
361
41
594
521
583
586
144
667
74
628
577
496
731
105
135
368
0
485
253
157
507
481
663
111
673
944
634
779
687
775
112
96
229
198
206
369
439
668
309
664
913
414
95
505
60
195
760
516
64
338
50
12
266
508
400
95
512
823
603
78
768
12
947
466
264
369
462
901
393
322
190
648
572
27
870
299
226
581
164
113
86
668
411
262
405
653
430
119
192
992
957
219
781
458
613
610
874
995
356
892
889
353
562
982
337
607
80
838
312
317
161
645
479
742
482
760
866
804
614
765
82
848
738
900
127
942
955
992
975
547
886
126
107
891
616
225
650
28
800
349
882
112
131
834
202
477
4
286
636
495
745
610
935
890
291
192
569
334
895
666
248
350
425
759
446
415
885
596
906
562
212
388
130
996
514
843
502
289
43
566
423
619
811
237
188
163
593
430
854
602
866
856
824
563
407
510
362
473
373
40
217
320
597
788
325
658
867
85
525
909
524
899
112
872
905
773
55
336
833
269
489
381
913
427
975
54
630
199
706
703
20
866
791
69
752
178
77
247
217
846
256
486
431
300
975
627
977
748
449
589
218
607
110
817
39
563
635
654
304
435
595
888
886
953
585
574
80
628
694
904
380
119
755
356
702
344
759
601
315
796
310
603
420
575
193
796
477
367
68
684
733
786
801
478
119
774
296
17
420
631
192
744
643
712
346
109
828
530
846
650
611
728
278
972
381
115
490
220
2
682
301
43
681
450
211
51
829
647
484
646
424
109
676
148
772
348
208
317
917
501
810
602
915
335
376
21
573
62
875
628
194
