474
627
382
273
141
190
887
692
6
346
514
474
919
619
82
342
567
958
631
716
41
745
388
173
720
968
462
974
742
432
160
172
243
52
113
135
518
892
946
604
64
792
704
392
808
764
908
104
941
298
209
690
229
743
812
431
910
89
791
273
933
214
406
287
349
828
44
204
725
907
5
900
421
56
917
387
866
503
142
24
242
434
753
928
871
114
987
611
3
124
782
592
202
916
872
207
338
8
913
85
136
552
939
17
512
86
586
508
550
943
202
430
70
407
196
654
783
95
717
593
148
176
962
623
736
981
42
55
276
568
699
620
872
152
763
274
754
589
35
124
889
722
412
973
927
242
165
625
517
44
753
374
865
690
534
604
578
793
704
88
888
355
112
884
902
598
374
462
215
411
203
969
588
763
18
388
818
622
336
0
443
114
218
227
454
276
332
834
90
314
644
291
105
529
802
56
26
390
799
573
826
438
509
354
726
796
254
579
755
67
435
663
236
98
987
778
410
522
381
978
880
573
378
142
683
297
175
709
863
896
265
30
51
962
998
829
176
269
969
168
123
621
151
12
49
62
461
213
805
398
301
626
15
989
817
363
291
144
492
575
284
140
984
88
765
569
303
712
120
67
430
462
145
720
575
782
813
392
602
908
822
173
679
732
280
790
611
901
623
506
357
101
945
49
283
541
131
177
817
644
840
86
166
798
808
227
879
13
207
180
485
467
605
572
558
397
85
177
561
493
607
969
268
548
68
963
666
29
594
599
910
446
557
316
536
539
550
657
931
815
67
898
658
587
555
978
307
65
742
229
737
140
105
102
716
503
464
61
501
910
652
744
54
695
617
29
382
249
899
469
236
380
842
985
747
586
639
507
896
248
36
637
611
86
627
48
694
419
416
602
70
82
193
34
622
770
185
86
66
30
363
639
481
560
548
486
26
720
794
77
341
86
801
329
8
474
976
459
604
152
999
395
489
852
141
108
914
357
687
236
462
798
132
196
991
226
111
113
53
122
76
960
660
999
84
381
106
758
24
478
641
534
205
378
895
649
83
241
5
262
781
530
699
202
15
449
259
966
625
22
983
105
531
819
427
59
920
257
486
872
322
619
895
225
654
60
697
281
135
307
39
819
191
998
361
805
923
412
953
7
897
1000
942
309
990
879
96
30
325
449
253
426
618
329
503
576
355
901
857
913
408
440
213
80
283
308
472
477
625
946
582
466
450
394
190
337
411
60
332
94
174
325
556
27
193
216
728
373
674
918
140
966
640
87
345
998
457
985
621
613
779
963
904
686
751
394
216
713
554
789
343
77
19
685
565
431
481
232
887
744
331
782
853
818
526
514
101
474
734
3
291
939
546
210
73
229
11
943
322
43
93
152
336
167
710
98
521
843
808
413
664
859
404
398
909
600
518
889
138
520
706
365
367
969
276
206
328
936
394
580
186
818
627
795
889
182
584
175
9
313
700
908
20
285
490
535
886
772
693
437
930
772
95
279
291
147
529
462
490
696
237
183
338
150
766
694
355
761
615
52
558
285
951
352
26
592
190
550
797
973
685
780
98
464
137
348
215
765
556
137
924
432
221
527
207
859
702
582
433
10
866
568
50
958
792
732
363
508
381
62
381
827
817
408
907
474
447
647
744
987
195
569
101
939
170
987
601
86
912
363
266
909
253
785
480
992
538
190
779
543
12
955
678
552
343
686
228
998
177
28
57
733
874
600
595
993
205
673
852
346
290
724
132
338
304
405
36
78
415
841
798
251
464
475
987
711
42
321
177
859
147
904
588
728
204
652
683
814
535
946
594
390
865
775
808
906
944
513
155
851
388
33
983
406
143
292
426
493
766
185
856
868
681
651
631
96
524
987
510
532
267
259
382
627
790
972
870
355
549
14
202
756
60
662
541
474
318
953
871
105
211
881
15
202
475
737
126
260
317
302
230
11
182
684
651
424
958
278
378
965
653
356
330
572
937
164
566
696
29
136
759
995
214
91
48
215
19
264
860
904
726
449
366
361
570
791
722
928
77
96
722
418
725
436
964
180
60
248
586
159
520
586
866
431
372
719
678
196
918
655
357
740
527
528
915
418
34
165
997
558
320
283
468
297
294
446
816
545
433
765
778
106
58
901
367
840
745
696
674
228
422
265
373
462
383
66
976
826
417
520
976
747
187
65
663
121
817
733
659
330
433
506
19
316
445
80
399
265
967
199
996
598
979
482
172
622
30
247
299
727
8
531
121
607
591
5
205
451
625
104
389
518
280
707
992
908
190
995
903
75
539
537
678
315
147
880
762
431
910
186
202
312
484
291
668
747
486
826
770
517
659
978
321
697
518
791
881
474
59
604
544
649
726
488
840
90
83
417
772
796
861
741
345
75
814
489
166
601
975
545
624
153
662
500
714
422
548
508
962
119
591
521
12
720
291
448
718
597
81
880
988
583
715
271
783
570
173
282
6
864
894
337
523
754
452
905
530
975
786
381
331
791
179
165
712
324
712
724
326
338
488
83
902
801
333
952
715
290
931
96
983
576
261
307
813
61
623
402
827
485
71
312
422
238
462
301
834
385
462
522
43
214
168
851
702
904
121
587
70
81
95
791
679
886
970
294
9
493
910
297
796
54
457
751
174
162
854
89
272
931
98
123
777
877
834
162
256
644
381
266
228
204
725
711
996
690
761
200
504
576
550
198
417
989
731
680
275
477
251
413
713
90
261
273
155
744
759
188
769
21
620
612
390
137
466
511
125
614
108
827
630
397
403
559
926
834
340
137
226
344
826
828
241
366
559
952
640
86
110
86
0
371
577
475
969
376
661
225
694
458
557
915
668
960
6
641
463
262
701
596
348
161
376
64
300
814
211
273
626
164
414
839
861
125
27
242
579
155
824
913
17
697
708
185
624
73
641
928
412
131
429
731
735
706
287
602
668
490
75
425
152
287
110
662
518
154
145
488
543
266
7
376
956
912
100
580
592
660
288
662
120
1
235
801
491
895
572
764
169
534
675
866
361
966
854
283
203
168
692
345
681
18
760
240
869
84
196
8
779
409
726
6
743
492
21
871
880
730
699
53
760
745
859
194
307
825
878
659
311
557
73
446
563
820
215
688
920
525
209
95
96
83
220
326
38
470
850
680
189
734
586
678
280
606
367
100
804
926
562
910
273
786
762
263
147
59
41
373
711
80
872
147
783
336
713
17
953
269
948
808
580
243
181
26
593
54
437
5
725
660
357
717
74
134
198
145
671
750
578
704
469
545
473
325
746
613
458
605
506
229
201
481
277
453
62
482
587
212
145
458
163
482
115
435
382
761
191
343
476
637
97
686
34
138
67
842
376
71
989
263
525
851
264
122
512
282
451
422
218
968
804
992
406
223
299
656
404
849
526
921
322
360
156
203
71
898
45
877
49
340
741
913
605
946
68
807
959
464
834
424
646
370
730
896
618
681
19
762
342
186
778
746
962
453
261
56
985
49
795
270
467
239
27
274
933
955
406
52
212
439
107
332
57
668
415
113
430
618
81
945
528
300
352
253
19
721
485
887
161
422
184
50
770
373
438
406
365
300
567
566
751
27
642
726
972
963
732
426
349
669
976
495
16
321
192
240
124
985
390
362
735
398
609
647
64
356
431
494
679
693
989
948
198
980
912
377
921
394
251
579
859
375
898
921
117
964
296
68
434
607
316
316
474
583
966
192
397
210
518
696
331
440
602
379
558
349
186
789
60
77
770
59
850
457
346
872
204
924
103
802
638
226
592
141
957
353
694
241
587
770
608
916
931
352
942
59
171
302
125
512
131
916
12
20
871
972
986
214
512
237
778
660
678
954
671
894
402
226
980
62
314
884
102
393
54
741
806
277
798
246
873
514
818
458
231
186
372
378
287
772
885
48
1
330
312
82
668
889
652
614
2
982
115
102
172
318
224
675
523
756
31
793
847
476
761
667
657
370
467
868
999
106
871
887
392
252
151
526
862
576
324
688
14
555
75
737
595
52
642
547
842
512
5
634
49
109
772
724
348
83
339
47
119
53
958
661
165
955
700
561
57
402
619
758
222
600
613
271
756
692
953
553
734
737
2
245
55
175
242
195
462
88
781
565
26
933
210
912
537
509
332
446
84
24
290
93
26
963
14
91
860
257
323
572
733
395
251
392
757
72
904
18
638
617
120
930
385
787
163
124
100
747
946
772
605
163
66
673
249
638
826
204
1000
839
49
877
336
76
197
482
980
602
931
8
219
529
357
960
310
340
721
506
428
959
754
894
369
975
709
92
355
108
339
701
368
865
189
307
825
699
602
133
469
158
507
465
525
352
596
220
155
934
736
79
268
500
21
161
980
550
100
861
820
384
785
30
438
76
623
768
247
838
221
527
904
104
767
94
786
219
468
423
35
15
791
580
982
301
325
601
640
703
151
91
984
994
726
46
64
506
717
645
692
507
446
552
599
379
954
929
698
726
484
544
991
364
653
310
794
747
569
722
774
135
792
539
511
771
475
901
202
149
668
538
744
966
420
39
67
951
722
924
663
161
663
788
156
25
907
913
745
472
819
230
151
151
277
545
542
5
524
996
436
178
735
154
861
814
436
241
422
588
840
666
584
207
550
51
8
720
512
896
876
827
732
105
193
342
578
463
35
33
710
905
690
848
252
992
157
937
638
857
105
304
75
667
411
894
317
8
692
75
368
797
93
721
929
812
388
192
250
922
385
194
903
329
663
813
127
501
841
459
354
443
845
348
513
624
882
753
562
997
361
738
415
791
560
705
535
228
617
989
691
337
277
149
952
901
430
885
803
587
766
939
179
943
466
281
96
35
405
594
174
588
590
344
899
362
16
280
586
95
153
469
670
534
6
447
222
865
45
446
250
771
998
772
792
518
468
476
999
239
135
702
252
887
676
994
619
820
802
991
614
597
692
462
363
472
687
228
72
174
874
791
609
345
876
434
415
902
647
511
611
410
629
517
902
414
404
459
689
655
962
617
90
571
876
295
707
525
450
187
39
68
506
672
169
903
199
447
517
690
641
726
954
869
645
553
786
903
559
372
26
981
337
192
121
402
619
241
311
775
625
106
344
930
46
683
232
871
955
105
460
943
679
764
552
845
472
408
699
441
927
585
646
960
807
208
357
873
283
660
10
656
546
459
64
115
274
801
473
186
382
262
212
226
430
108
940
575
538
678
525
200
655
258
974
445
712
41
828
326
622
51
499
562
702
344
339
670
65
95
958
434
851
964
855
148
36
418
880
310
626
632
770
874
117
328
757
582
429
31
196
244
414
429
689
655
66
899
408
908
796
521
399
266
548
841
68
866
640
811
248
683
690
645
713
403
675
585
246
376
765
721
513
899
722
309
437
753
831
104
676
90
690
193
928
297
878
444
515
398
403
927
598
55
163
886
741
245
106
308
399
478
730
455
483
584
599
33
949
608
617
43
391
166
155
288
588
524
528
746
90
34
446
30
946
422
484
234
643
733
118
832
50
926
748
278
985
318
245
36
580
591
133
800
557
840
716
8
647
313
45
384
940
434
227
922
632
817
189
691
404
969
793
270
61
290
835
861
916
49
663
881
121
970
565
570
157
760
910
311
255
868
52
615
461
286
243
948
883
976
182
766
122
382
644
450
505
553
761
984
525
407
47
895
121
134
865
493
362
911
740
855
329
657
205
90
716
615
368
488
680
478
101
242
100
79
424
858
809
545
773
790
395
719
261
177
589
916
454
123
254
796
129
482
56
567
90
616
795
341
978
870
821
750
686
782
457
993
282
799
489
562
411
529
850
189
984
907
412
251
282
598
747
861
944
178
993
938
893
813
252
849
758
483
317
710
14
219
100
382
240
659
784
773
805
933
899
978
378
588
498
714
17
853
898
180
592
144
474
348
897
395
162
486
783
312
851
272
924
535
79
772
481
430
456
384
392
354
960
228
778
770
707
994
59
701
780
406
443
780
710
370
480
693
83
12
559
464
744
276
173
157
628
671
276
957
11
126
48
784
399
90
253
641
181
200
337
339
803
201
525
772
587
102
924
758
244
119
914
385
693
801
738
91
941
330
162
954
411
895
551
180
543
104
227
241
360
277
659
795
804
812
978
329
596
54
286
509
776
575
298
878
608
587
141
556
653
799
523
679
361
641
416
18
154
724
834
450
352
555
627
554
580
799
597
167
942
895
203
144
885
840
272
865
847
36
532
563
677
841
602
323
736
157
663
964
154
225
778
37
349
806
966
84
569
35
78
661
237
217
624
104
11
261
234
403
377
119
107
966
314
531
15
372
483
373
650
112
91
617
615
683
321
764
772
883
354
885
609
381
489
235
661
93
974
710
805
658
496
113
845
737
274
907
976
30
911
642
970
797
969
757
857
279
743
385
486
86
775
226
758
593
373
916
720
349
761
680
600
959
447
730
140
220
507
339
86
955
316
15
863
504
544
373
583
181
371
574
707
321
812
281
67
845
415
718
527
908
351
4
858
825
751
484
734
515
665
941
36
535
97
920
195
811
234
72
694
888
161
316
974
551
717
521
763
643
903
67
191
535
668
682
565
291
801
807
871
526
316
464
572
192
978
167
444
363
194
491
658
955
476
706
788
165
547
243
254
940
518
32
980
954
723
823
882
852
192
983
866
162
498
587
448
393
275
840
347
150
704
236
284
755
990
26
800
857
905
110
689
82
748
490
257
557
139
743
98
60
647
16
926
537
373
436
554
872
271
136
669
206
920
595
733
560
492
913
930
843
454
347
972
287
836
374
741
251
684
532
407
35
394
406
345
345
695
875
893
371
217
366
501
299
195
306
28
208
858
883
839
464
904
818
913
173
229
766
649
579
616
963
467
429
34
313
429
71
764
811
864
791
915
17
934
523
226
711
177
362
584
117
380
309
603
366
492
568
643
841
1
477
58
404
450
923
656
833
884
911
820
465
819
749
617
679
476
908
220
390
716
540
499
740
428
325
277
624
83
993
326
847
577
722
971
699
179
976
907
862
806
760
414
488
492
570
601
30
785
926
910
852
10
135
911
232
823
950
898
968
315
237
318
726
868
169
878
813
422
838
431
472
281
630
160
149
171
563
317
131
193
443
613
12
778
41
542
924
293
605
234
500
471
934
169
877
423
537
162
868
727
814
770
448
98
386
162
624
334
461
213
908
926
331
479
484
21
730
360
749
672
936
933
943
351
119
938
309
181
939
252
285
728
74
610
656
399
851
135
577
540
227
237
35
914
382
993
302
675
800
633
321
107
676
92
576
430
389
388
384
713
290
958
782
475
695
728
744
755
224
850
43
325
128
545
789
129
573
148
726
367
996
411
129
710
609
237
510
358
476
586
511
984
562
352
796
692
527
189
839
326
359
364
928
377
592
22
708
192
516
499
712
756
463
891
715
783
842
952
12
429
477
736
330
910
77
751
58
646
758
194
36
267
675
692
59
949
170
635
457
857
739
978
723
75
436
321
520
550
647
543
49
590
425
770
495
862
11
848
529
718
517
182
721
521
129
683
837
826
660
751
351
656
30
800
851
697
662
399
753
998
653
259
974
636
832
501
596
801
458
431
807
571
607
54
175
946
795
54
240
484
346
831
216
222
533
290
603
669
205
88
70
512
355
729
275
947
744
707
522
837
427
225
506
195
135
348
591
761
363
287
138
185
324
365
910
50
473
753
458
415
979
40
37
600
594
876
934
114
561
322
896
315
722
748
932
474
402
56
267
144
576
889
370
572
942
893
923
821
341
311
879
419
412
726
491
469
264
702
377
512
254
493
360
61
676
640
472
232
58
135
618
87
948
573
968
32
822
931
890
950
185
424
829
265
363
498
313
580
409
899
952
530
726
711
706
324
505
730
781
216
542
460
392
827
577
740
597
850
566
448
437
87
121
245
644
512
633
116
54
819
351
339
319
625
918
110
815
47
295
63
311
457
358
372
122
690
250
95
273
305
191
8
679
815
59
934
809
52
758
783
252
886
363
722
632
23
980
537
124
797
785
754
292
722
789
253
745
750
373
895
180
689
353
529
693
176
645
858
211
524
260
705
392
70
13
973
583
150
891
399
89
163
68
450
753
505
726
771
882
645
491
389
987
43
868
374
306
894
368
506
49
370
537
234
649
222
572
773
570
484
940
792
916
474
300
478
34
660
117
977
859
256
773
990
816
646
92
5
686
494
629
202
968
336
882
361
545
201
279
10
86
53
465
978
23
409
947
530
463
103
493
603
796
582
919
148
253
760
1000
694
757
501
307
416
128
544
250
912
221
543
136
871
626
102
899
664
501
77
790
286
895
559
673
534
462
645
860
695
260
935
832
665
715
764
397
582
265
818
533
848
825
119
767
950
297
406
186
660
826
7
65
721
641
680
903
579
462
533
119
697
730
445
563
537
290
863
973
793
539
649
393
980
469
681
571
758
126
612
793
594
671
775
510
878
423
521
478
46
59
404
980
329
910
859
99
760
190
703
826
832
26
544
896
490
35
441
420
776
794
590
177
897
529
562
292
183
238
929
256
608
251
456
741
668
254
879
938
99
45
728
845
765
922
314
270
865
0
21
789
847
545
447
173
143
909
21
311
823
166
924
806
305
738
997
166
15
300
901
608
386
664
997
857
197
184
484
963
477
317
352
167
302
719
631
597
349
545
609
563
447
707
479
602
293
402
83
355
152
821
103
331
339
438
93
532
827
780
51
378
628
538
523
189
869
425
684
405
440
379
218
634
673
121
407
238
114
900
79
871
652
965
212
947
182
566
858
94
114
735
891
85
879
437
388
851
832
235
515
295
65
285
286
896
124
36
56
153
501
313
930
473
692
518
984
969
246
41
258
309
968
531
69
803
284
409
996
511
704
581
621
986
897
264
630
826
434
772
402
969
345
209
449
583
660
974
98
782
672
614
168
452
751
906
365
894
296
170
266
853
255
321
41
834
361
254
286
617
394
986
578
176
790
545
564
173
107
90
71
5
817
297
620
194
863
801
903
106
438
417
452
27
959
44
539
683
639
778
628
796
607
332
1
68
429
681
237
470
749
463
710
269
421
495
396
63
23
512
473
550
38
94
937
438
69
499
795
332
605
412
601
904
225
966
450
227
403
908
325
132
712
565
220
977
155
588
647
186
105
774
963
186
594
720
98
122
926
762
562
126
707
508
508
849
248
288
936
646
924
314
949
69
487
476
61
400
792
417
418
900
475
927
162
527
587
740
855
844
579
374
737
767
765
89
458
238
651
290
344
611
528
71
651
987
491
580
536
833
140
394
381
901
174
682
579
767
101
439
933
396
22
770
899
148
546
299
608
417
37
496
23
71
742
294
770
262
885
838
557
826
956
871
895
869
916
953
39
937
659
479
341
164
434
325
725
429
917
311
529
24
140
438
6
304
72
353
395
307
178
945
293
132
839
921
562
335
748
915
135
449
467
559
548
728
172
812
389
452
453
222
808
985
999
80
732
365
957
184
535
739
315
648
27
396
190
213
872
821
816
222
773
307
24
701
601
589
100
322
196
854
603
924
583
384
865
515
12
912
95
896
169
760
944
112
950
519
490
40
123
329
827
803
997
358
986
926
778
387
588
180
290
257
344
900
889
201
772
632
514
786
361
622
486
129
376
598
29
291
388
306
990
117
921
641
457
809
715
390
725
557
151
449
934
902
611
791
10
979
567
762
239
85
662
618
306
238
398
723
796
836
714
593
853
482
594
837
287
547
143
489
569
621
38
120
505
874
326
950
229
357
503
504
249
190
716
502
955
156
849
175
800
375
649
974
644
723
519
180
917
567
534
682
908
382
558
992
581
971
399
432
125
680
527
985
481
932
718
896
318
352
148
681
708
75
285
541
566
497
462
242
640
194
861
269
83
864
756
566
978
17
127
962
788
882
595
575
639
558
477
386
677
810
278
190
35
243
194
261
32
175
100
748
113
59
987
595
517
812
571
214
283
697
298
582
730
69
2
195
996
561
110
756
256
953
559
55
813
454
151
784
339
470
925
325
547
171
180
242
271
684
99
112
997
177
82
202
1000
758
626
71
896
894
334
616
518
999
572
578
226
499
818
575
494
845
538
179
863
65
989
381
371
239
86
894
311
550
285
585
184
129
220
174
62
278
23
432
892
788
632
343
188
421
985
50
461
795
693
573
343
734
604
188
270
399
3
466
156
671
711
67
740
689
283
555
130
313
45
336
734
991
650
101
343
797
876
737
240
478
74
736
319
122
982
10
994
829
118
159
694
617
88
133
961
990
935
621
416
151
513
297
608
456
128
560
268
237
852
449
218
390
792
105
950
16
939
706
65
22
309
59
366
529
461
212
21
494
535
49
140
928
900
100
673
494
319
695
625
779
191
919
924
314
492
900
445
398
522
428
262
558
269
514
966
742
834
372
585
369
33
736
623
591
898
283
27
173
330
997
626
952
804
311
617
16
849
309
277
331
166
178
500
533
527
655
138
796
589
773
183
684
291
102
332
371
898
451
293
679
327
6
623
583
2
629
100
609
579
901
161
799
549
36
741
934
858
272
989
278
570
470
366
921
296
307
219
385
313
784
8
928
319
342
626
880
433
822
192
87
105
534
52
812
731
48
738
161
681
604
924
359
718
884
766
521
321
916
653
540
572
672
844
19
765
587
312
375
43
423
46
332
743
784
318
335
762
430
830
777
956
522
260
371
153
583
103
25
805
589
55
10
463
717
848
218
445
120
709
557
155
653
664
884
591
820
62
126
240
239
697
543
936
965
434
117
675
720
348
816
734
351
21
141
318
273
624
834
766
12
458
190
189
400
586
537
129
524
271
618
273
851
525
768
66
859
261
665
196
563
724
906
589
758
406
567
281
157
468
159
190
381
863
458
881
70
674
309
618
140
322
452
126
238
81
174
661
369
410
198
44
415
640
44
413
150
811
554
838
769
0
367
14
922
505
830
148
703
468
219
894
94
327
74
150
228
711
569
139
326
997
163
840
376
838
769
556
36
292
226
819
497
128
127
647
54
118
825
20
762
972
952
999
524
555
387
968
330
251
734
319
22
867
941
936
496
174
699
35
737
317
44
384
879
796
82
492
425
393
546
972
264
4
693
73
112
10
187
1
143
903
995
719
967
869
214
247
902
927
156
349
517
60
955
113
507
258
44
873
529
681
411
978
520
907
189
648
279
466
729
633
83
889
57
363
986
637
394
426
307
194
375
466
605
910
31
468
584
541
456
498
440
955
930
960
451
421
415
349
184
33
244
520
246
889
734
135
651
385
67
346
700
347
92
925
412
146
696
576
624
503
669
773
443
777
563
511
766
671
906
114
172
379
365
462
696
598
16
861
379
662
325
128
950
258
340
939
465
339
859
946
141
990
606
86
29
561
116
374
892
971
134
896
52
249
236
184
918
411
114
835
870
313
315
552
200
747
232
459
762
615
625
771
422
912
176
594
4
98
517
374
853
773
110
930
250
375
452
653
664
774
47
546
119
209
741
518
533
929
206
399
374
420
372
690
718
379
185
525
623
956
213
631
329
506
384
392
759
542
781
612
595
805
280
623
194
864
403
343
863
965
473
915
815
806
609
313
315
23
494
458
524
717
157
431
801
125
584
519
169
976
732
914
607
176
790
63
235
808
903
875
768
836
273
711
609
238
208
262
449
756
694
146
853
737
672
600
359
173
191
779
650
717
680
300
738
972
809
59
738
384
948
113
601
46
165
916
329
928
158
384
774
36
712
691
12
345
646
967
581
928
293
152
812
888
251
836
767
616
254
633
880
390
64
299
673
769
37
477
640
985
317
133
212
532
487
268
73
880
676
765
273
397
795
257
8
195
164
93
99
611
563
975
78
244
271
551
753
310
855
694
549
740
423
900
401
578
888
947
732
7
196
798
465
80
864
475
324
70
418
689
346
322
290
409
327
955
913
446
43
406
873
285
218
62
439
121
38
740
38
507
217
13
312
898
891
161
232
233
641
461
111
869
417
667
525
213
856
300
835
380
446
199
858
792
362
252
277
500
175
55
661
276
396
273
83
737
571
908
854
711
727
564
164
769
443
655
550
35
648
572
812
69
491
181
492
729
140
642
956
8
24
118
591
38
790
713
799
7
133
977
649
995
865
990
732
620
621
114
789
817
106
86
956
564
603
259
812
972
833
258
384
653
873
579
180
388
886
21
53
992
495
100
33
361
397
572
954
896
674
25
224
167
840
274
618
357
331
461
113
537
159
709
465
469
332
197
259
506
233
501
255
620
740
826
290
1000
944
923
465
687
429
914
321
854
902
193
187
482
282
653
517
859
569
363
266
916
737
277
365
154
708
182
182
603
501
274
845
626
426
450
811
94
441
94
309
639
762
97
823
776
887
204
72
45
640
572
859
555
808
627
417
74
917
323
158
682
511
61
348
913
347
616
511
685
989
706
666
75
514
203
150
385
485
517
144
233
843
427
197
294
422
508
333
774
185
624
632
382
641
399
233
25
355
171
893
848
134
950
961
141
442
745
853
238
187
180
954
336
355
841
335
485
191
994
644
61
818
432
960
360
659
588
203
850
341
763
296
888
961
670
906
48
975
809
582
421
822
43
76
665
82
278
692
335
852
916
821
514
118
58
460
449
51
728
736
53
639
586
439
989
568
729
473
760
46
502
279
148
705
990
391
283
987
327
782
650
296
529
206
702
825
278
754
282
65
815
278
314
806
588
174
582
471
460
618
687
306
714
610
679
779
428
883
733
72
667
785
265
659
840
961
943
421
381
768
761
487
249
972
543
107
318
774
601
731
896
664
477
636
836
386
797
221
973
479
503
884
840
660
791
75
58
448
847
178
634
990
916
130
489
721
886
39
711
991
310
626
711
46
957
743
391
919
939
988
880
533
654
265
721
272
285
887
41
115
495
436
247
988
320
640
14
148
865
706
743
582
976
848
308
226
346
941
972
741
448
71
480
947
912
857
148
122
501
44
535
44
159
689
38
235
196
336
67
688
960
238
783
489
637
396
171
837
890
26
314
121
950
45
308
429
394
192
43
831
646
257
335
44
214
921
872
944
169
286
359
910
243
981
854
132
532
812
58
795
385
526
494
872
1
548
777
31
98
654
275
272
771
559
118
175
824
986
692
787
297
776
971
213
40
924
157
863
53
876
392
473
176
491
181
533
97
438
192
960
902
597
103
151
327
194
320
461
223
203
73
264
32
260
221
79
65
772
437
48
2
437
136
729
561
893
956
540
257
184
236
349
369
144
335
649
879
655
54
327
255
556
535
82
396
876
961
594
803
937
355
982
348
773
177
8
577
493
944
741
665
254
858
712
280
1000
394
519
623
412
564
513
667
348
153
408
590
585
485
202
351
774
209
270
167
625
253
745
342
340
566
817
870
937
263
295
874
643
981
385
377
891
829
936
291
456
523
759
502
724
50
312
571
217
709
439
127
236
273
892
612
200
216
390
580
168
953
502
650
708
560
909
233
660
599
394
281
734
338
955
356
826
995
517
533
311
43
598
505
295
562
79
452
526
195
133
98
516
803
762
704
688
543
925
78
274
20
877
289
808
661
91
36
484
725
936
643
474
247
70
615
516
902
852
7
157
274
792
973
298
544
732
488
969
489
168
491
991
276
263
58
950
174
352
387
545
194
110
709
716
472
832
3
83
416
445
240
555
534
657
521
241
393
409
799
735
512
525
920
588
403
763
647
420
752
28
34
589
344
718
908
741
468
179
908
747
116
911
285
857
293
918
365
70
212
810
998
902
343
47
925
894
703
989
550
879
786
517
131
599
977
413
250
487
31
810
466
677
374
69
797
783
689
471
112
89
513
687
662
92
612
821
222
879
610
774
119
182
392
576
938
831
935
358
299
741
254
693
128
604
243
958
590
41
463
441
328
477
2
308
582
492
462
192
205
29
320
613
249
29
54
175
263
551
690
781
298
42
947
448
436
703
942
457
201
611
966
211
262
149
723
220
789
268
63
869
643
557
722
452
447
196
863
101
403
803
603
234
823
129
781
596
367
749
82
266
343
472
581
766
930
63
928
675
299
286
534
416
167
528
211
469
91
936
236
82
558
3
719
119
326
609
169
248
23
443
882
533
421
646
2
309
352
85
686
632
269
783
497
404
12
361
687
654
420
208
287
577
662
186
681
843
94
758
705
117
551
922
913
245
463
54
854
345
390
755
221
117
105
919
129
426
856
579
735
439
478
326
590
377
391
254
266
183
280
352
227
480
270
72
806
681
374
280
826
422
821
281
425
326
285
156
675
445
709
415
642
49
99
41
831
930
318
126
777
735
238
115
413
714
574
576
7
963
268
681
125
777
492
258
928
784
310
103
401
443
765
663
586
71
495
999
386
595
499
250
151
477
156
590
701
896
190
289
60
548
992
618
87
78
611
460
744
675
74
714
964
379
829
443
702
309
597
754
529
22
365
625
678
850
904
688
85
703
57
541
591
374
13
313
196
283
842
783
39
704
724
952
750
533
330
99
796
577
617
806
553
41
55
123
479
480
274
211
355
730
867
902
345
758
870
623
132
965
689
91
17
806
739
949
753
372
582
264
713
397
245
729
433
693
556
504
959
95
429
33
323
714
894
728
193
279
186
891
648
610
805
660
565
507
422
498
495
771
934
284
858
774
470
578
350
343
165
855
200
252
679
786
983
209
81
431
343
674
933
847
212
740
601
862
661
626
478
202
446
231
79
964
306
162
492
753
564
730
421
897
37
733
186
976
746
121
758
991
988
911
76
599
255
221
976
631
347
38
71
24
617
640
636
317
22
557
837
2
844
801
21
6
601
800
295
650
136
349
846
999
833
524
951
971
613
550
143
132
154
468
194
920
617
205
140
198
501
48
347
430
439
893
300
493
156
567
756
142
45
483
368
882
310
996
149
765
738
645
883
508
275
329
734
998
186
55
274
544
282
207
766
413
257
237
166
832
507
646
867
981
53
217
103
837
13
896
148
537
774
421
952
735
459
846
266
419
378
429
0
348
792
354
519
644
777
377
134
539
319
213
901
139
730
586
505
730
62
394
506
764
736
616
822
809
962
738
216
369
485
715
531
980
491
831
493
909
636
199
133
412
794
587
181
604
354
233
37
362
467
124
560
251
93
340
392
838
695
762
844
485
570
898
371
763
394
570
803
37
369
694
472
821
803
305
1
325
332
106
562
458
481
107
765
593
973
682
631
282
867
823
357
135
577
803
383
509
887
16
257
72
535
42
750
76
209
978
249
42
295
40
178
983
603
36
676
798
790
747
759
983
283
364
957
860
888
460
214
890
649
24
318
802
436
885
449
531
726
999
680
101
755
519
285
537
170
320
684
7
917
818
21
989
214
420
600
140
154
468
233
683
908
847
175
183
827
93
166
7
576
277
280
531
946
436
312
49
660
596
517
950
841
839
910
663
623
69
583
364
224
920
926
29
853
299
192
891
386
607
775
666
555
760
848
286
449
75
532
437
771
840
270
136
52
424
929
331
998
401
501
344
391
198
906
435
842
685
220
148
970
146
953
423
721
943
910
261
408
205
968
30
453
666
17
325
258
506
963
236
551
480
72
354
66
311
404
195
437
822
231
216
205
556
506
58
220
341
992
320
658
175
285
618
850
582
249
369
830
611
130
672
601
554
621
362
695
165
607
825
425
260
184
418
505
911
473
363
30
283
44
401
947
619
310
166
609
214
781
786
593
600
251
738
137
77
469
140
826
223
531
323
610
123
915
89
126
229
323
261
738
572
917
506
132
176
675
141
550
570
378
976
913
802
955
227
271
124
496
415
246
687
515
626
824
992
917
202
253
62
451
9
419
544
872
123
301
245
25
123
884
312
424
696
335
791
450
409
796
869
251
29
15
486
175
340
50
490
137
287
606
263
571
151
735
429
332
373
239
549
419
185
489
838
219
428
27
74
770
708
960
370
851
899
552
653
376
346
968
175
396
985
948
593
240
536
868
173
127
104
92
145
203
675
802
295
69
168
639
345
998
513
95
338
319
683
831
468
828
17
523
431
75
944
225
182
378
346
147
460
15
424
933
555
312
181
760
611
765
532
524
986
457
954
867
149
933
237
936
44
804
387
491
775
60
69
641
605
151
462
921
485
844
769
962
830
722
125
724
794
99
515
327
47
668
865
459
355
464
521
955
325
97
268
806
949
579
356
475
799
438
477
761
137
858
677
838
224
715
680
274
466
656
157
930
946
981
479
112
280
660
780
470
108
578
667
501
872
765
192
520
78
142
624
100
947
94
16
354
337
168
737
599
469
616
376
335
455
608
653
439
419
473
251
687
273
374
228
29
73
665
184
96
482
410
40
754
736
961
219
501
587
972
516
161
480
472
78
205
936
553
0
896
230
9
210
691
192
545
9
712
225
185
450
783
243
350
508
568
61
816
84
511
730
884
371
729
706
704
422
629
205
772
17
18
408
534
813
592
960
239
974
294
98
514
142
272
970
375
705
638
79
761
407
154
719
256
70
976
78
772
83
287
904
997
148
551
105
433
625
764
222
272
51
829
584
878
907
924
523
275
909
386
597
374
161
46
834
631
298
137
801
620
702
678
725
429
914
161
139
122
320
104
666
952
713
39
168
496
238
408
639
404
768
428
16
192
156
251
143
377
365
768
432
329
727
422
365
458
142
60
617
933
386
635
440
460
624
697
418
133
2
147
204
698
792
913
389
54
1000
989
498
990
487
950
613
813
743
774
845
29
521
673
109
182
198
844
552
588
366
680
650
669
644
377
197
830
674
877
111
11
248
754
774
171
831
982
358
416
394
14
731
305
615
561
781
415
852
299
35
732
263
143
828
140
715
200
413
429
836
303
472
338
32
927
169
327
587
873
881
621
185
112
639
18
498
926
369
870
122
280
264
184
68
979
802
285
399
849
962
656
482
938
536
339
680
387
517
803
483
320
786
918
827
895
198
897
998
727
390
39
476
267
894
940
279
438
661
361
5
998
982
843
387
734
589
513
74
29
80
564
900
298
967
641
524
570
909
227
491
702
904
162
996
904
41
21
179
247
414
10
827
162
441
313
593
303
255
882
433
335
805
356
88
77
250
498
893
564
2
969
307
318
725
632
66
628
960
595
385
180
375
695
699
352
292
676
468
149
386
972
767
635
137
338
38
38
886
163
665
23
302
415
994
357
64
289
574
344
5
1
193
186
122
94
43
746
137
882
528
472
691
28
164
919
586
163
673
169
224
939
996
997
944
387
119
314
199
272
457
186
370
44
556
424
397
941
653
140
274
250
385
330
175
494
560
946
205
892
380
34
767
310
369
934
908
216
698
222
143
850
924
116
582
184
599
461
416
592
400
838
835
407
306
877
511
483
152
789
906
822
271
427
878
366
891
208
109
37
963
712
326
6
971
435
714
506
655
216
253
887
164
963
537
146
461
243
530
423
994
643
920
491
793
178
561
519
138
246
833
40
279
554
496
526
434
549
928
763
718
982
882
211
294
701
632
974
986
737
174
526
198
59
550
180
899
252
91
974
426
35
62
866
585
766
937
683
132
238
341
198
175
825
984
376
870
4
199
309
777
733
465
101
261
457
283
158
84
34
296
23
569
528
253
729
21
97
422
124
499
133
150
589
702
979
658
291
742
8
827
106
250
920
24
616
959
788
702
626
271
823
462
793
660
406
280
533
260
878
83
257
496
259
903
484
952
785
132
968
321
547
159
972
191
893
133
533
785
179
770
239
46
369
632
515
684
401
572
47
300
603
990
402
921
750
884
923
752
601
848
335
957
666
754
33
136
588
117
684
188
761
87
313
72
737
1
338
613
400
520
307
922
405
237
452
792
396
990
809
140
639
513
230
935
54
52
76
858
918
897
683
275
463
407
826
217
434
598
638
792
86
119
735
630
257
43
902
935
906
302
232
718
725
562
415
345
491
483
834
483
842
196
549
687
811
494
450
312
211
715
4
400
972
616
991
172
851
150
302
339
492
730
453
932
577
971
875
460
327
599
24
241
445
436
335
950
81
930
524
842
802
877
891
922
639
511
675
189
954
114
921
416
782
651
275
291
524
481
940
298
958
209
412
863
219
885
913
860
510
498
626
720
997
158
573
952
910
7
34
963
990
673
9
95
169
72
340
701
119
630
849
467
930
288
112
451
525
799
658
404
416
898
666
101
625
913
451
272
699
577
858
295
626
539
246
331
863
133
46
376
231
390
784
826
899
581
436
514
185
379
604
674
23
406
793
17
378
609
386
941
508
45
364
893
415
199
403
34
551
612
34
250
984
945
696
439
335
532
808
231
824
80
918
471
348
331
535
587
310
556
371
794
604
173
716
24
907
886
902
173
499
417
236
171
260
327
896
306
543
601
208
755
264
438
681
841
285
397
593
100
718
267
453
814
748
719
78
854
967
963
282
127
681
764
10
387
46
334
949
679
252
477
161
625
170
611
706
256
198
277
168
946
987
935
650
238
853
230
446
474
241
257
774
234
774
670
923
302
404
914
505
602
402
165
254
198
474
625
579
745
555
426
713
670
707
40
813
101
868
482
183
422
434
599
180
829
807
236
741
10
349
109
140
26
915
715
952
928
107
69
496
319
406
958
767
517
628
490
609
498
514
142
628
951
909
580
697
23
770
434
632
255
943
961
386
919
742
695
864
536
556
66
369
15
566
195
547
649
543
474
904
362
440
367
813
795
35
52
234
471
626
776
781
330
119
751
400
136
219
563
782
68
803
679
698
698
960
207
754
763
457
612
414
541
645
960
199
544
514
866
164
347
363
966
181
30
609
434
569
86
376
840
237
951
706
485
574
398
92
662
931
548
150
483
418
376
316
469
851
425
820
558
189
746
672
731
164
84
195
42
976
257
472
881
788
605
769
244
934
484
961
614
624
328
138
398
49
267
594
585
561
84
415
487
672
998
832
529
212
188
583
791
791
15
686
798
35
784
138
354
534
572
874
925
60
94
744
594
493
619
606
151
585
432
223
420
845
688
590
772
836
502
673
98
122
511
256
586
119
554
685
119
513
416
898
785
502
398
627
627
444
728
153
465
264
81
375
366
27
196
397
995
590
122
8
362
600
703
902
694
608
155
605
987
369
427
829
353
920
26
50
318
5
958
162
440
868
627
201
600
462
60
949
937
128
650
974
490
910
12
572
527
439
105
18
177
995
700
571
541
849
161
149
507
606
115
592
353
733
389
61
551
846
718
984
52
803
916
232
887
343
971
814
433
491
99
835
696
169
4
335
714
825
654
553
7
941
944
798
855
477
111
922
97
571
894
156
497
409
921
264
122
905
280
643
97
956
916
172
756
61
387
328
684
703
411
475
530
376
208
546
387
894
812
927
754
226
951
508
814
943
180
589
879
63
953
176
776
574
148
657
779
446
626
643
281
677
155
722
195
206
317
847
302
430
92
614
94
383
19
823
812
974
663
786
285
595
791
477
619
34
55
363
3
250
150
171
718
839
196
800
749
791
738
78
737
788
408
275
340
260
906
728
535
856
184
26
375
582
717
312
853
607
453
13
481
360
321
857
594
559
708
136
500
477
140
886
464
88
270
795
43
178
450
403
888
973
633
38
853
666
550
759
306
493
434
675
203
124
611
689
273
780
16
709
243
101
13
831
175
924
314
439
141
318
175
369
693
892
87
167
556
191
205
961
505
995
66
491
159
833
192
84
379
456
397
963
55
107
777
909
28
13
673
318
702
548
703
610
846
531
593
144
840
399
790
93
845
366
705
601
177
873
274
263
671
749
193
119
254
331
384
177
658
160
190
912
472
153
277
142
245
691
551
213
464
738
387
779
354
657
611
391
920
649
959
318
231
942
142
280
776
452
390
105
884
22
887
947
333
430
716
306
3
985
213
587
885
371
297
290
307
842
116
942
754
473
409
623
313
581
570
41
795
292
674
699
103
929
546
94
51
974
450
895
652
489
649
760
19
860
67
307
130
717
261
878
331
315
733
497
785
848
999
744
88
11
209
249
730
437
934
175
593
580
471
640
697
72
167
645
74
663
331
240
225
329
489
770
187
377
583
318
446
9
450
269
977
933
436
56
456
913
998
238
543
194
613
728
211
81
596
58
632
2
457
855
549
860
900
896
145
229
343
199
552
574
523
907
80
25
67
959
996
854
54
674
185
501
605
515
93
588
415
600
839
392
211
448
441
560
330
308
632
342
587
566
25
720
168
485
542
65
992
502
767
35
861
893
181
341
326
81
574
164
891
318
960
848
540
432
316
511
678
221
109
778
136
652
143
120
800
207
832
97
432
89
147
142
311
339
3
576
562
516
491
426
540
505
88
184
659
577
602
365
764
790
478
925
320
807
244
602
40
29
726
571
387
421
5
469
619
575
577
636
934
792
204
185
453
773
167
376
938
355
625
431
321
343
963
539
560
537
605
49
518
534
289
842
447
344
431
588
113
320
835
288
819
913
492
904
815
845
513
567
133
260
261
661
537
377
536
518
746
520
268
527
654
412
897
592
785
264
36
330
529
990
759
678
526
321
364
344
75
673
708
844
496
347
802
301
129
287
352
392
364
126
620
107
276
395
724
417
487
162
930
212
241
703
350
338
120
459
486
448
362
331
106
274
993
219
426
693
740
133
941
598
81
794
409
914
766
796
270
715
697
710
997
420
57
71
625
235
130
956
46
427
161
235
646
838
93
990
801
677
561
258
188
179
924
385
731
42
785
669
444
745
116
926
603
789
1
765
897
872
387
911
779
614
364
751
605
791
119
436
161
87
670
305
715
780
87
794
63
707
786
36
241
905
301
962
345
912
776
702
592
499
165
944
331
214
3
869
920
779
763
84
749
52
160
128
744
84
680
364
650
61
299
968
853
979
105
723
17
93
941
387
884
157
446
127
517
268
655
901
51
918
321
785
365
426
717
97
127
632
185
880
346
571
899
517
258
411
680
123
254
582
527
75
730
16
175
196
1000
163
996
481
594
873
678
431
852
407
418
554
251
743
867
963
807
612
746
974
87
467
742
176
908
211
878
871
847
458
655
346
996
415
504
922
992
632
52
285
884
67
411
337
940
615
293
577
960
820
142
483
358
54
855
740
536
915
218
642
71
789
197
739
147
979
376
671
683
107
111
668
499
924
840
554
100
69
633
561
10
211
758
173
385
72
288
584
782
140
35
503
473
518
935
858
799
470
572
214
526
188
81
156
769
353
120
427
911
433
996
587
296
951
553
939
999
382
853
560
482
161
449
888
738
715
319
54
947
547
345
971
595
453
736
629
691
271
204
803
725
982
549
637
686
897
525
156
369
37
496
306
922
570
275
842
452
856
390
899
920
684
442
71
349
819
393
648
125
174
768
789
504
812
555
357
572
603
278
990
311
13
581
279
257
677
807
496
139
627
601
924
219
401
532
459
378
357
818
337
185
260
77
812
272
126
85
861
493
923
117
351
612
364
201
252
716
925
470
651
423
928
310
744
130
575
448
559
726
573
906
12
393
993
110
836
162
49
112
112
73
920
270
821
813
399
327
604
752
802
865
165
861
362
780
712
695
604
892
282
426
406
564
819
926
928
391
49
863
240
610
662
541
156
945
747
847
590
217
960
777
960
367
330
571
651
733
203
964
825
837
794
344
238
183
102
380
376
840
754
356
902
947
828
992
966
282
128
330
817
771
987
808
164
347
444
458
139
269
909
914
502
58
252
724
969
296
269
593
445
356
617
639
757
833
336
835
742
991
216
744
592
157
140
346
609
919
360
805
727
193
376
758
374
457
419
36
308
569
481
717
800
421
70
820
950
254
48
290
974
572
772
141
258
316
496
902
237
738
413
357
780
19
413
427
670
982
699
477
743
54
516
611
555
484
357
734
160
244
173
313
770
554
905
762
114
501
53
966
8
970
117
660
763
514
382
26
419
619
907
759
416
856
960
22
164
904
353
656
157
376
342
610
565
649
53
985
391
744
683
154
172
175
572
807
939
41
945
498
606
554
927
198
324
958
338
264
644
843
582
401
405
374
4
395
272
828
743
528
20
165
613
89
165
172
593
8
955
131
570
950
142
694
30
761
47
113
833
874
550
204
640
97
100
903
532
589
474
73
389
123
152
215
91
844
952
44
687
588
142
49
786
172
598
738
392
1
661
722
664
512
872
869
945
176
164
847
412
668
289
788
323
833
578
547
196
629
411
91
151
534
170
511
482
223
255
267
782
115
209
479
388
132
986
853
800
393
584
928
723
677
39
954
422
785
641
278
235
316
280
185
94
121
190
689
672
52
78
3
44
269
869
481
220
948
911
663
974
601
791
102
893
934
868
380
920
975
624
727
270
75
400
165
8
717
328
365
234
540
503
487
231
691
913
58
862
50
289
303
655
455
552
659
506
802
331
136
953
302
719
982
959
158
330
213
685
67
907
958
983
826
970
656
710
203
876
341
789
349
912
246
621
309
118
578
156
78
396
660
135
952
214
929
24
512
448
181
832
828
149
228
200
236
915
279
610
295
971
766
513
561
257
282
696
323
859
537
276
307
186
200
752
990
518
8
94
672
697
123
102
469
135
976
988
257
367
721
876
455
562
338
382
776
465
893
649
735
397
468
356
938
317
638
15
855
392
710
456
982
522
299
450
76
585
512
489
579
197
277
319
114
799
257
381
932
192
104
244
243
143
39
522
637
656
275
520
265
739
982
783
715
768
874
295
113
144
666
539
729
862
542
699
965
727
148
883
590
396
748
