812
587
841
82
496
780
267
37
0
149
678
600
481
988
777
752
382
327
788
22
279
500
821
202
747
893
423
932
551
552
698
96
197
576
566
716
824
746
271
678
822
624
702
90
864
434
343
95
370
819
419
824
256
455
716
96
773
201
717
650
815
298
99
974
46
602
924
205
847
671
934
369
498
955
852
931
198
527
589
660
993
714
913
824
515
999
938
29
648
370
250
616
440
311
365
603
122
91
512
901
694
537
203
119
622
678
274
319
736
200
388
495
228
141
611
214
854
886
897
714
534
12
193
796
173
17
663
340
571
926
687
635
633
313
383
386
540
398
296
129
695
500
55
189
433
608
764
407
98
451
251
825
91
913
617
686
891
910
456
457
802
851
389
815
78
529
436
482
310
722
836
418
963
87
196
764
696
272
462
499
739
802
988
176
18
22
550
126
257
603
821
369
192
262
514
462
337
949
529
260
420
949
900
431
626
497
274
616
486
672
490
503
145
738
386
508
313
649
824
478
331
375
675
166
994
935
945
634
385
711
617
272
327
661
407
998
499
746
812
161
959
847
297
573
6
638
460
987
58
186
30
624
792
583
114
698
735
379
370
960
509
873
603
63
941
197
158
970
275
628
15
432
825
801
819
833
537
503
77
480
237
102
379
370
985
148
697
640
249
621
325
147
38
643
684
99
731
107
46
661
489
473
741
921
70
644
31
718
564
130
631
852
946
85
164
632
646
933
271
929
858
914
669
462
511
710
20
810
652
140
837
966
193
930
956
451
490
797
450
457
571
283
488
729
593
65
851
819
298
372
292
368
962
34
85
514
878
282
286
280
989
484
441
454
944
380
32
730
87
255
835
619
653
244
548
763
33
756
177
344
379
32
53
974
757
783
769
972
214
717
443
351
906
79
161
749
692
116
409
560
138
475
760
506
654
76
131
75
358
532
31
190
538
725
153
188
288
756
154
519
582
870
397
815
228
967
226
712
577
732
932
128
429
707
167
775
324
246
574
586
4
805
824
582
395
192
778
333
875
390
538
451
9
407
865
543
564
870
677
139
733
239
660
556
824
760
381
278
682
189
995
152
168
706
640
137
393
76
62
12
40
483
777
60
117
666
728
553
102
689
376
609
32
61
555
230
805
416
230
781
578
704
944
973
300
94
482
79
741
587
884
60
172
915
677
448
122
981
114
718
182
51
700
941
31
768
860
692
746
435
666
725
293
261
454
237
206
835
879
669
797
548
806
660
219
284
606
13
261
539
809
749
762
997
992
725
892
700
338
795
529
95
598
609
660
33
370
375
707
119
231
971
781
28
369
943
708
970
348
446
702
852
994
52
352
142
31
10
344
69
496
2
474
848
270
89
693
604
630
279
235
135
128
429
558
186
248
1000
678
393
608
439
577
529
641
850
491
950
276
259
140
306
909
33
197
776
459
107
827
180
589
111
970
950
828
2
525
164
122
155
606
402
485
497
882
890
543
785
710
554
831
814
481
220
862
659
920
397
158
788
941
469
890
932
875
10
345
427
257
327
136
292
379
602
875
694
371
228
5
798
312
180
84
417
637
635
786
237
948
657
91
198
389
421
128
771
932
935
857
151
532
951
976
51
532
537
795
991
499
943
373
904
336
861
729
605
399
888
279
665
679
816
990
68
267
134
42
112
603
617
626
736
158
839
517
518
116
801
704
783
797
990
88
88
852
680
773
127
221
359
346
162
996
745
838
938
250
179
988
188
230
643
128
880
490
756
949
468
637
113
743
628
139
466
994
823
201
585
380
751
148
994
340
641
269
933
69
280
770
1
62
903
670
30
491
645
466
325
62
11
281
913
738
103
393
956
638
344
104
755
855
879
382
145
852
773
150
379
683
780
480
761
414
806
19
968
544
910
858
154
106
456
382
12
914
965
992
130
694
564
491
271
72
489
123
408
721
203
813
556
998
882
174
448
338
261
820
554
793
354
301
557
705
905
279
463
569
904
735
787
46
512
764
255
677
636
994
3
539
899
837
507
570
549
260
174
864
36
328
14
879
214
584
311
195
157
284
59
279
744
309
719
903
383
222
724
745
175
608
2
92
834
896
847
365
590
189
358
187
488
946
654
226
487
393
911
560
637
367
125
671
751
89
994
440
55
598
912
633
208
623
449
275
224
653
995
57
494
678
659
515
857
539
258
533
272
655
993
369
307
805
436
766
379
96
783
558
424
917
658
166
960
284
62
665
516
325
837
679
519
58
80
680
114
62
449
440
546
92
180
702
269
360
1
64
272
732
316
354
397
413
607
720
873
852
734
79
758
117
289
820
507
457
744
263
915
317
246
785
15
943
52
793
527
554
893
389
157
224
802
301
656
667
884
762
922
12
109
269
812
984
138
572
121
31
408
263
500
217
71
745
282
782
179
911
138
157
101
875
24
812
222
609
335
913
429
920
711
486
626
586
499
462
330
987
629
464
197
819
181
544
115
226
685
841
142
400
228
601
360
476
577
788
663
281
606
858
610
875
197
583
934
231
754
27
416
249
406
590
766
122
940
659
35
924
322
372
822
510
660
259
931
446
385
310
369
537
729
601
381
597
926
58
421
654
603
184
312
296
603
680
483
246
106
471
910
589
164
375
589
438
693
985
479
819
335
73
464
443
497
12
878
906
111
621
66
492
444
653
60
655
26
850
749
999
845
527
539
359
371
164
932
183
491
544
72
415
600
613
117
30
355
836
666
238
627
752
549
257
849
945
623
534
993
896
830
945
270
851
800
395
369
727
967
3
634
352
428
307
179
505
868
804
361
38
16
555
822
209
6
793
45
841
31
486
660
105
575
425
495
334
957
897
481
207
210
383
147
112
216
50
956
228
888
999
275
427
225
365
486
378
153
379
710
773
909
653
742
286
860
194
760
835
924
575
56
513
204
205
410
999
937
541
954
940
47
690
435
654
981
24
942
936
966
875
654
78
749
83
121
691
621
683
809
197
517
775
101
530
582
582
493
996
338
905
684
190
451
215
785
876
789
991
9
225
334
219
555
580
303
153
614
7
29
299
107
414
524
901
220
680
212
746
422
570
608
556
669
769
612
946
510
91
443
887
890
608
884
552
919
174
965
141
687
621
204
645
718
869
289
431
307
713
410
674
33
992
448
220
201
304
238
755
441
371
773
48
667
939
322
371
740
366
415
441
366
542
418
855
292
801
157
619
991
668
610
263
671
202
624
477
513
177
644
565
7
153
66
229
547
261
475
618
12
991
216
558
312
59
990
885
856
575
40
501
398
127
358
331
140
889
297
552
3
939
596
276
813
799
882
133
275
647
328
88
760
657
542
612
358
122
592
622
933
0
248
313
639
213
214
70
441
920
27
629
361
811
323
930
206
946
877
590
772
417
391
809
576
762
849
55
60
190
671
573
873
620
240
536
973
254
298
172
262
180
621
366
361
292
577
798
229
163
73
129
588
817
570
463
56
117
82
835
567
40
366
381
457
415
283
530
777
244
426
949
605
594
433
334
917
653
457
390
824
573
552
611
821
252
51
891
749
95
884
955
908
434
677
520
400
109
631
523
460
340
593
627
943
702
177
102
723
74
101
917
192
210
508
694
974
747
248
800
554
5
366
653
191
862
45
35
402
7
289
905
453
710
789
723
787
998
625
120
205
492
163
3
15
485
675
657
680
989
360
251
934
148
453
387
424
963
572
242
335
901
718
652
221
786
854
118
948
823
647
409
475
759
698
49
221
302
579
579
644
279
859
551
750
108
581
263
231
649
791
336
790
611
374
881
312
281
410
442
653
934
322
458
356
204
119
600
424
892
829
275
83
238
357
523
849
869
869
846
877
947
729
42
79
741
941
116
160
867
15
839
517
349
18
432
44
128
197
12
119
281
175
872
855
964
216
227
776
107
601
221
707
654
11
707
745
331
666
798
407
72
946
24
742
371
563
674
161
866
940
969
459
929
151
993
907
626
789
444
284
53
577
582
393
937
307
806
611
480
648
656
620
789
801
811
735
646
604
620
982
986
992
996
0
651
987
307
299
151
1
217
304
112
131
643
3
581
822
757
381
364
116
731
740
561
205
843
354
651
416
844
330
784
751
113
196
258
831
122
469
594
439
120
338
371
940
684
247
13
425
896
267
720
125
176
22
33
697
14
833
12
324
76
450
977
836
55
156
280
283
753
304
253
225
255
338
542
589
279
982
160
53
788
963
830
91
247
477
119
996
532
405
550
498
958
393
340
134
535
867
75
151
281
250
43
224
740
891
325
987
24
390
357
646
343
720
180
464
217
827
116
322
862
752
804
168
715
145
196
159
85
182
492
986
596
251
421
669
512
13
453
889
464
763
570
682
877
926
33
866
779
683
123
932
965
342
8
561
321
882
563
724
483
479
818
254
69
428
910
407
17
480
976
992
805
147
17
476
56
1
121
838
93
71
170
998
220
206
535
199
505
650
255
93
96
608
828
523
775
850
585
631
666
894
823
849
674
367
125
896
111
636
481
22
890
340
648
701
240
715
189
717
112
791
572
743
733
928
488
262
762
928
959
910
917
830
738
234
609
616
883
880
334
868
102
218
442
41
345
562
941
83
883
535
124
122
359
127
104
898
386
635
840
64
410
548
134
299
667
461
648
772
668
916
162
26
238
11
182
940
114
141
958
850
311
649
446
596
563
648
416
86
863
355
982
76
286
559
246
281
435
725
380
221
565
708
961
751
331
795
954
850
281
910
380
121
767
393
694
923
925
630
984
303
166
825
946
257
418
21
179
338
430
991
288
13
435
879
293
715
220
679
842
627
289
205
230
491
0
31
854
763
433
187
457
242
434
571
372
497
379
203
213
949
942
548
27
115
151
520
623
655
868
469
701
217
143
917
504
667
377
890
283
237
622
739
483
156
248
874
87
202
916
45
297
415
319
965
739
209
186
617
870
852
310
853
806
98
555
918
671
817
509
980
656
274
615
919
945
221
507
230
866
46
525
238
91
926
627
785
895
50
436
836
434
283
640
751
264
559
228
744
512
211
108
630
474
832
454
240
482
527
462
571
46
796
620
900
571
442
362
693
196
291
913
207
956
492
165
291
309
316
581
673
983
563
522
174
468
601
999
637
254
259
738
47
341
453
730
347
945
380
138
868
238
288
503
868
565
122
90
834
73
684
66
996
722
398
366
912
717
492
86
762
949
782
162
797
659
288
703
52
686
245
668
11
970
428
698
746
54
836
579
7
969
722
822
966
452
297
550
513
770
880
806
324
45
539
287
734
401
967
14
575
664
188
628
232
282
21
607
923
997
7
474
880
197
190
466
133
692
267
175
897
668
671
635
649
8
492
511
153
25
224
577
894
238
605
120
950
429
163
662
117
44
588
801
196
401
157
576
822
567
190
501
885
107
619
59
954
287
983
812
636
896
88
513
609
207
528
304
237
972
704
269
940
150
1000
914
551
762
900
382
927
112
307
764
511
236
197
784
794
126
931
617
729
314
350
700
790
3
403
504
187
390
440
961
255
447
973
844
19
546
855
704
434
662
20
465
860
62
378
46
136
674
528
487
594
459
494
344
461
173
729
907
813
108
609
75
941
479
469
708
336
365
240
965
433
882
515
579
489
902
563
966
430
194
844
259
148
965
726
346
728
968
669
778
810
669
680
392
719
658
864
817
639
480
118
220
62
876
136
485
778
223
158
389
11
683
309
272
652
841
915
790
338
1
576
387
785
627
149
310
358
978
358
849
725
72
591
308
210
954
496
83
147
723
220
970
745
836
422
758
213
192
694
55
690
728
25
17
463
877
559
196
312
475
263
3
917
359
69
171
64
550
460
477
60
223
161
629
396
18
523
859
914
407
232
897
213
93
579
813
442
170
101
317
89
346
689
450
696
215
668
184
180
113
542
387
199
906
920
743
887
845
100
768
172
460
896
12
116
529
50
209
957
423
73
832
476
320
827
148
378
634
360
170
834
889
469
520
139
382
76
349
835
695
309
328
673
301
770
874
91
616
434
98
496
803
369
448
637
234
395
246
787
801
122
206
586
658
442
176
175
399
682
601
586
219
966
29
434
38
644
93
60
731
457
761
327
893
717
731
71
664
113
137
40
525
821
668
661
597
786
929
662
913
991
104
304
711
3
2
669
543
198
337
174
606
93
3
693
623
868
750
167
511
343
736
947
759
51
275
253
234
665
874
3
465
414
897
467
545
240
78
355
646
29
741
883
634
124
276
449
751
204
294
518
785
367
415
857
740
704
359
915
349
584
669
28
638
830
190
248
858
828
285
696
742
241
541
980
116
713
425
501
768
272
515
200
364
71
795
26
258
263
754
229
795
920
501
319
806
996
504
847
159
65
714
562
141
963
582
21
674
853
345
524
162
516
553
640
489
706
467
747
165
983
148
425
477
248
958
728
527
573
200
407
523
347
722
830
850
12
968
780
518
1
455
598
334
819
523
305
99
627
643
255
505
422
737
78
778
359
298
330
715
159
775
82
346
821
579
963
695
122
48
877
746
853
377
39
363
386
801
731
210
469
3
715
542
421
251
620
946
544
278
44
846
97
396
174
843
877
807
785
813
368
750
139
939
213
934
336
649
13
925
771
232
865
96
337
838
397
553
963
650
408
11
900
194
427
794
102
164
920
874
836
954
862
771
561
124
936
698
605
938
745
44
430
418
416
80
391
932
807
160
800
865
210
799
824
814
400
979
967
858
644
93
828
798
948
342
656
992
200
344
58
278
848
523
366
420
136
653
720
453
802
437
294
580
848
201
453
970
822
471
724
72
340
277
174
968
567
198
482
562
314
598
512
340
420
74
447
478
507
957
938
817
686
925
918
501
753
151
483
735
261
834
708
592
679
742
41
854
110
309
977
850
286
468
1
310
887
101
991
615
688
300
811
661
316
51
369
107
574
111
95
940
314
709
638
242
388
454
661
503
984
704
93
993
689
354
351
571
234
377
1000
162
343
13
414
375
337
774
913
333
374
455
442
128
55
257
170
911
181
830
823
986
836
536
123
213
538
594
91
240
433
307
139
332
453
730
63
747
876
272
204
861
611
866
571
160
340
71
565
536
4
189
219
510
193
713
671
587
88
957
632
844
314
571
255
222
483
391
261
140
703
739
892
831
279
182
386
808
503
792
909
391
99
558
227
900
176
155
926
57
316
746
823
348
886
7
909
82
453
645
359
998
311
852
482
603
877
998
288
517
969
235
863
70
160
175
252
766
680
258
187
978
40
129
366
262
446
916
318
157
610
62
705
14
944
671
675
227
804
451
56
749
682
611
491
117
244
916
18
937
979
232
152
194
135
41
269
574
187
168
606
44
496
144
246
454
495
853
838
643
513
689
977
636
775
148
264
799
529
357
225
418
146
410
110
339
780
98
219
808
957
695
84
874
707
250
304
487
147
320
614
123
718
139
340
731
331
279
156
181
661
660
431
474
968
879
781
174
650
312
854
50
977
732
497
758
554
104
123
747
505
109
335
247
18
606
998
994
25
602
194
798
269
964
891
657
269
132
979
868
642
123
416
213
379
507
515
288
755
629
728
767
137
216
476
402
56
919
88
10
667
227
194
844
286
436
969
782
88
623
332
37
341
43
586
742
767
945
322
123
286
130
863
354
604
611
305
988
780
242
944
446
762
596
954
312
54
21
923
294
531
352
421
688
863
951
454
400
602
389
435
535
574
898
959
760
372
96
853
782
732
495
41
121
168
237
116
49
231
299
717
328
194
678
116
196
36
626
262
601
9
952
130
616
303
351
226
554
672
631
238
29
517
423
718
667
526
13
742
134
757
98
39
830
58
284
430
958
186
925
58
591
641
503
765
223
711
618
454
45
1000
912
116
672
111
626
812
981
387
609
376
756
847
278
310
632
120
666
324
846
900
996
375
249
357
74
940
695
288
780
99
2
955
330
133
697
943
968
133
233
434
265
51
258
327
282
476
617
309
857
561
432
967
336
419
385
83
410
200
116
975
201
91
313
745
807
461
266
277
698
90
576
33
155
192
784
800
778
116
615
230
871
787
227
240
703
329
315
746
896
0
417
250
845
906
559
679
137
643
373
492
467
884
565
3
55
22
99
81
182
545
294
230
115
255
559
424
257
148
750
841
795
832
765
1000
933
814
754
765
401
108
183
680
436
356
727
420
385
769
729
395
724
645
310
249
146
7
298
105
624
204
220
378
942
156
332
610
496
473
602
703
541
250
748
365
184
405
83
963
642
405
199
173
576
774
208
618
503
133
445
878
466
215
824
656
777
70
962
478
728
194
968
339
135
265
249
22
476
588
645
844
387
989
4
391
200
44
323
684
588
775
920
936
323
860
689
607
937
187
675
219
827
686
943
90
828
177
17
120
205
966
473
533
898
327
990
686
457
451
916
412
49
760
89
605
70
609
496
952
862
238
683
266
694
401
408
287
817
348
315
673
518
382
86
924
773
263
100
138
795
28
551
426
894
884
614
575
987
820
140
115
76
530
553
60
451
416
514
116
905
730
658
539
115
426
142
313
635
597
412
985
555
519
210
905
985
958
435
412
409
724
405
45
22
474
956
539
363
644
778
861
591
492
730
943
635
359
373
440
59
121
2
598
218
814
952
773
663
734
421
842
373
966
822
912
214
290
87
274
663
107
295
457
118
595
517
592
13
384
201
115
981
453
251
961
253
934
342
817
695
801
229
956
887
764
962
449
526
473
893
941
92
914
270
20
559
427
192
391
76
915
218
42
254
831
848
920
365
311
703
297
624
251
314
510
454
156
717
240
623
956
876
932
600
758
128
769
665
886
136
564
895
0
702
348
768
642
901
911
800
603
94
963
52
329
172
234
723
964
687
579
112
551
216
994
978
166
712
170
230
291
891
591
103
710
726
425
555
149
333
865
239
210
271
139
735
541
982
2
297
704
718
495
63
135
437
298
624
547
340
902
477
398
936
692
367
550
579
531
737
272
458
597
102
723
16
938
380
587
447
790
423
918
858
409
194
986
31
999
219
470
31
197
566
818
108
500
41
621
210
694
563
797
478
976
958
380
470
673
700
902
834
783
39
842
822
931
494
740
646
813
577
885
228
434
837
572
248
790
114
32
116
228
73
681
483
374
460
98
761
731
801
681
523
394
873
990
34
899
271
187
273
842
670
968
446
286
876
734
379
267
580
99
863
467
114
873
83
834
9
216
886
955
561
87
734
415
866
732
726
449
490
951
180
539
545
905
999
323
716
636
396
169
80
465
645
93
549
288
126
392
426
125
746
585
527
673
42
635
967
885
786
886
665
554
620
342
864
955
115
731
157
438
343
647
370
187
518
365
363
23
156
611
662
744
798
203
145
611
703
23
595
923
71
690
514
955
308
762
458
886
857
600
473
913
780
135
525
906
444
534
539
484
259
576
186
548
472
403
471
275
486
386
769
186
363
372
458
886
418
565
434
245
558
562
730
276
907
248
512
646
961
593
150
765
695
550
429
611
708
442
653
798
272
486
256
334
377
573
377
933
370
542
824
112
613
974
567
112
784
253
647
552
775
530
69
988
386
966
364
421
675
869
444
405
817
106
68
960
873
855
876
319
451
250
673
47
646
626
932
571
934
591
147
273
220
669
873
866
659
322
121
701
555
848
162
440
62
658
765
891
775
926
987
761
323
300
304
104
5
348
960
114
737
642
852
726
231
392
653
309
623
458
608
743
255
816
505
5
199
500
728
387
440
23
815
994
663
894
705
552
71
452
68
296
138
1000
47
541
610
869
80
809
158
954
643
880
839
788
793
278
688
852
267
654
376
8
189
355
766
151
493
583
98
547
299
841
262
846
543
569
574
382
580
377
59
475
514
60
684
405
336
125
961
633
640
756
201
971
168
787
335
471
527
83
93
632
750
903
624
453
359
232
549
581
723
317
485
850
74
407
207
823
778
189
80
712
377
71
867
930
671
163
808
426
707
915
138
811
281
274
948
659
138
876
794
42
266
715
363
415
406
58
490
306
515
589
382
459
549
828
84
200
238
961
235
431
332
193
665
919
1000
156
379
64
906
723
809
707
448
704
844
450
544
490
483
442
604
933
421
561
745
938
893
843
394
590
821
370
475
142
429
507
405
139
183
34
491
871
826
718
347
994
860
107
484
771
28
674
96
570
992
377
34
634
476
114
136
591
706
780
207
935
941
710
4
775
944
708
231
75
276
748
119
499
956
141
961
875
876
849
80
695
8
507
902
190
40
532
45
71
141
172
504
39
641
422
658
589
880
517
864
478
533
11
213
243
810
77
511
857
442
25
132
720
771
422
559
921
205
567
38
149
271
44
976
485
804
616
332
421
952
582
124
120
307
779
838
506
893
676
355
688
953
944
812
764
980
113
143
24
587
37
48
290
234
214
248
934
867
50
299
706
147
396
693
573
26
803
257
26
457
411
553
370
455
99
74
673
25
45
523
214
808
399
679
300
806
889
458
512
503
959
288
667
665
503
666
539
122
438
860
288
713
942
872
88
251
823
593
594
379
843
359
321
983
102
685
253
360
60
719
671
999
330
94
339
520
290
35
302
786
599
684
23
495
584
39
199
59
837
526
831
895
845
112
836
367
994
796
371
631
419
189
177
686
30
552
709
518
475
92
741
609
321
96
552
848
533
797
511
163
450
391
864
57
804
242
663
802
295
251
608
450
380
648
882
512
827
891
792
150
967
109
102
421
79
724
176
721
505
505
348
97
889
213
505
746
995
505
863
441
493
875
233
870
297
134
20
645
51
850
760
450
755
518
285
551
550
628
86
616
189
21
907
170
126
406
943
322
470
768
245
370
936
911
686
812
595
859
808
662
54
856
391
215
206
953
755
174
877
180
824
65
77
720
934
220
986
272
114
313
868
285
375
547
948
85
876
786
18
91
866
667
318
405
639
1
970
27
469
899
55
690
216
657
616
816
961
639
328
882
122
377
294
780
604
595
119
164
434
82
457
559
377
612
446
730
309
780
118
834
225
212
976
384
623
713
716
312
543
142
46
685
496
305
232
722
146
693
681
419
740
597
343
312
243
553
411
18
95
14
303
911
613
154
155
758
960
909
387
312
286
831
165
930
843
509
119
456
798
683
940
335
589
417
586
670
467
319
335
355
109
464
611
192
156
621
994
825
53
846
650
674
1000
960
211
992
26
89
821
587
364
110
952
382
611
557
979
300
952
540
507
877
978
502
560
516
204
395
536
719
887
462
383
134
930
409
290
563
853
348
704
846
99
343
47
452
302
249
973
953
776
957
759
248
666
775
487
934
692
826
39
893
618
775
520
96
445
672
64
399
841
931
558
320
291
375
280
571
914
597
762
499
446
799
303
39
36
669
553
127
989
309
524
436
125
51
730
75
9
895
812
846
804
949
51
451
458
415
920
775
895
218
50
950
765
496
531
95
276
767
90
223
934
476
528
760
631
515
536
630
266
740
651
234
676
784
877
246
119
485
392
758
24
376
943
696
697
13
822
777
246
380
594
856
736
136
16
583
446
452
939
836
413
186
941
976
13
880
272
320
605
652
281
260
440
607
154
803
394
198
967
352
109
545
310
639
49
389
76
682
630
995
963
838
281
323
445
577
198
992
54
21
865
674
88
653
939
679
342
534
672
269
40
120
238
897
648
349
410
943
226
901
196
133
191
878
384
552
810
357
724
969
6
768
421
288
668
366
363
658
460
939
189
941
738
932
681
895
822
467
914
587
509
482
773
787
516
518
437
384
667
437
928
42
483
446
359
10
923
303
936
76
692
532
4
321
527
970
861
984
792
280
202
188
263
279
665
699
303
581
68
490
44
719
688
457
725
629
700
516
926
894
712
953
676
196
887
973
384
288
741
475
419
329
854
750
544
465
242
848
325
723
335
25
640
223
217
365
688
539
648
718
836
647
402
335
3
780
492
700
360
807
955
561
961
46
118
916
172
52
529
308
564
497
525
8
13
23
258
26
835
896
638
777
932
867
859
387
940
180
351
109
645
963
335
912
852
869
153
659
353
36
464
686
837
436
97
870
820
39
122
627
246
550
662
172
291
353
424
0
832
154
132
978
417
65
322
924
736
330
318
913
598
749
605
186
248
495
771
73
512
766
474
317
583
242
724
805
930
115
381
230
703
319
675
88
819
649
824
488
101
127
733
422
891
822
456
743
947
313
245
520
23
453
937
939
717
34
76
714
201
816
602
952
639
932
208
156
120
901
715
827
322
514
107
494
876
398
659
149
561
158
69
19
887
23
820
205
555
549
207
76
860
865
407
461
578
217
221
212
557
969
522
123
676
178
69
217
373
391
223
704
843
219
587
402
872
773
826
949
323
627
575
510
756
595
432
712
707
552
638
442
132
977
933
8
974
460
282
316
949
907
30
721
874
776
687
540
913
431
670
251
960
774
387
793
707
792
581
422
413
28
989
399
48
101
671
710
803
482
50
989
629
371
219
11
475
575
942
352
745
690
615
136
901
363
140
799
156
658
547
815
77
900
944
122
122
333
694
905
747
829
249
178
654
419
67
906
643
322
700
490
247
552
454
199
816
239
78
951
474
136
249
532
87
910
737
897
982
930
222
490
741
262
985
681
981
932
428
982
307
102
975
663
887
936
797
278
145
501
358
992
899
477
706
200
794
540
343
34
768
351
914
948
136
389
412
622
624
315
300
243
27
195
921
258
256
486
695
156
295
935
809
525
701
206
21
824
935
276
786
997
12
763
154
107
279
371
947
463
865
359
553
29
230
922
28
137
127
580
958
834
223
673
10
782
580
142
327
703
954
567
566
895
440
122
363
24
348
986
665
463
480
393
711
17
751
171
500
631
765
642
75
239
272
380
282
4
20
197
230
936
162
52
982
868
590
935
780
545
39
72
481
681
992
177
955
835
524
986
346
762
910
166
885
854
282
928
698
875
173
597
218
592
456
956
135
157
209
479
596
92
549
897
986
135
878
776
152
691
979
567
89
982
701
992
956
10
779
132
444
487
559
313
971
79
893
368
705
684
227
838
562
832
651
624
93
601
698
939
233
28
480
693
558
172
590
37
913
807
702
462
602
620
937
83
130
433
284
147
227
502
393
59
482
969
962
434
146
458
201
484
930
154
78
907
294
445
272
344
287
24
492
746
532
421
818
528
466
492
194
62
502
900
670
690
788
339
748
12
868
248
186
807
107
193
8
959
892
69
927
360
129
864
64
283
96
296
609
905
370
187
71
918
213
856
257
377
616
700
934
976
248
0
1000
712
870
822
952
614
240
814
347
63
569
348
260
790
444
676
93
993
95
815
967
112
414
447
679
241
153
574
773
579
702
113
9
438
864
549
275
15
249
881
33
277
221
520
380
643
701
202
63
853
95
528
98
142
932
218
802
136
581
132
31
822
705
476
182
467
90
615
392
630
891
440
455
923
564
877
843
525
674
343
669
930
427
29
296
781
178
375
542
867
573
18
823
106
120
868
687
394
999
161
335
700
703
355
295
420
563
284
443
645
848
826
581
285
578
346
582
657
639
470
501
237
767
664
464
82
487
461
16
132
357
952
847
218
972
46
679
148
243
957
451
757
816
997
94
16
573
669
922
534
180
314
838
972
409
374
517
162
112
847
809
683
366
855
342
509
45
914
874
821
657
367
180
583
858
166
63
331
795
160
12
221
549
614
533
489
840
952
107
803
723
630
6
700
121
103
657
390
748
514
227
303
877
713
31
793
462
595
607
786
697
860
784
558
495
287
50
245
681
845
933
128
291
253
844
290
666
502
361
43
122
542
486
363
671
812
251
385
56
207
531
604
553
667
596
961
324
180
15
546
171
724
344
511
421
739
146
163
673
0
638
168
917
75
649
850
789
403
493
872
660
313
506
482
10
259
63
265
140
24
967
828
818
975
859
564
805
140
428
645
628
630
765
24
976
572
585
82
737
660
147
48
410
672
90
759
163
7
356
538
879
412
778
92
882
255
358
536
814
357
735
161
750
69
457
761
811
914
33
544
546
364
81
864
327
624
390
278
54
340
89
323
81
294
204
701
217
119
870
309
63
981
688
55
544
985
905
549
677
712
287
653
300
87
468
100
391
146
524
195
262
411
954
691
141
405
861
721
988
770
459
969
407
463
104
301
538
596
670
322
196
166
509
227
235
307
526
253
909
855
287
484
255
76
749
161
872
2
952
745
646
189
661
522
591
63
225
44
914
944
733
125
527
452
869
258
733
443
24
890
962
954
724
787
850
944
805
389
760
204
222
279
578
189
253
830
388
820
120
745
561
10
931
994
626
748
559
143
764
834
763
259
907
220
192
990
146
241
35
694
326
68
463
580
528
912
536
746
274
105
872
767
304
976
320
704
557
266
293
909
637
569
27
920
727
589
503
550
341
212
840
52
767
654
648
67
882
196
384
260
448
666
383
650
364
142
233
489
87
836
585
20
842
751
996
190
732
990
893
419
702
895
750
152
154
198
363
986
734
428
435
275
551
888
938
794
560
858
159
621
317
643
929
472
137
589
431
739
224
899
40
725
378
34
11
966
997
769
455
269
150
933
954
388
269
890
452
559
260
692
147
759
704
479
114
476
852
897
505
468
161
974
96
942
887
36
148
823
378
285
772
775
653
362
930
359
779
576
323
15
618
921
500
677
773
99
165
124
761
522
751
325
987
24
162
208
288
403
991
936
383
469
286
750
577
27
188
199
230
516
467
199
481
628
243
916
163
832
212
774
106
251
30
858
186
304
871
738
765
878
575
802
418
434
859
526
742
686
956
109
373
761
913
347
89
469
513
226
2
599
655
226
846
276
506
780
382
862
720
461
278
952
914
591
354
707
551
468
758
939
966
293
532
28
341
708
434
167
818
70
129
299
352
618
282
22
12
126
773
196
73
489
753
532
938
483
646
774
757
316
974
323
110
861
29
915
194
981
350
865
841
740
231
712
2
983
729
810
319
3
664
41
835
679
429
75
854
350
188
559
939
816
815
334
586
794
237
731
232
879
511
501
315
920
235
299
623
205
611
1000
815
900
332
118
23
395
903
182
416
376
261
576
878
690
925
476
925
381
592
919
836
456
554
719
780
593
831
509
728
146
578
92
992
815
148
710
669
31
883
577
259
594
334
305
335
323
866
695
342
552
373
277
632
100
435
121
496
993
373
544
484
652
256
190
497
441
529
368
419
255
498
98
559
642
268
993
411
3
788
842
120
775
817
824
797
832
985
995
211
898
605
112
990
924
209
861
547
657
903
980
870
217
959
537
677
205
245
96
419
593
696
272
761
928
183
483
756
926
219
749
951
615
298
753
213
136
350
858
226
971
580
503
240
310
168
357
138
711
898
804
318
605
575
509
279
466
413
178
739
101
229
86
89
959
644
751
578
392
73
880
670
881
465
904
619
660
648
417
428
783
813
107
82
25
196
401
639
450
109
145
810
874
111
582
337
400
274
20
953
456
108
797
937
153
79
9
509
904
394
965
918
390
683
571
108
653
914
492
253
213
617
768
212
997
847
465
28
455
293
2
294
293
308
41
879
483
586
316
480
938
166
189
598
974
227
178
957
16
866
507
185
714
689
896
193
269
972
768
913
678
468
910
506
55
264
663
132
796
498
576
422
301
983
7
542
40
343
993
738
1
812
254
343
549
153
346
682
688
381
618
400
414
274
715
611
953
210
427
449
445
986
326
287
682
867
245
679
64
8
855
781
884
79
779
664
23
528
138
965
546
79
298
896
542
540
889
400
867
436
630
321
715
963
146
149
598
688
396
470
609
59
572
39
801
53
377
574
559
476
221
885
720
884
675
177
643
959
351
936
937
378
44
501
650
776
70
331
525
201
142
888
676
866
986
519
401
511
413
365
784
132
310
571
882
983
482
903
125
239
340
794
74
390
423
376
952
376
276
770
771
102
912
883
713
679
620
23
214
689
989
669
678
127
149
401
542
657
57
288
379
762
829
485
882
698
863
636
302
313
320
822
596
274
173
244
102
565
606
353
490
973
22
503
801
676
462
544
554
496
422
651
431
686
274
796
626
326
854
506
834
935
99
677
533
840
637
207
862
685
321
743
377
615
492
305
409
896
105
397
146
389
545
217
180
892
706
191
194
19
66
239
633
25
493
471
969
365
628
309
128
770
999
9
456
918
402
169
160
963
978
552
549
213
183
353
99
534
233
90
544
202
493
758
430
720
82
557
134
352
348
63
13
917
216
911
311
711
153
655
56
612
388
782
217
16
478
101
437
943
446
913
847
735
758
587
323
44
351
323
928
503
965
650
148
584
306
761
344
430
306
8
963
209
246
937
834
129
405
80
470
699
512
286
717
243
803
768
962
899
787
924
558
127
943
655
776
7
729
659
723
376
678
760
679
687
596
591
159
796
718
632
461
324
13
339
389
670
540
31
789
679
971
340
551
789
198
82
225
796
339
442
829
397
398
741
665
952
66
789
1
116
874
915
973
175
942
72
325
660
831
229
761
50
186
459
184
858
239
433
794
16
88
724
879
449
784
205
684
856
794
760
658
247
82
392
68
926
278
750
311
453
277
1
126
265
787
208
541
190
486
496
601
297
151
853
294
480
317
433
554
925
494
962
106
701
230
160
824
38
569
804
980
35
554
784
152
57
706
901
856
606
49
101
132
480
955
446
906
43
842
808
961
979
940
313
245
380
427
586
614
594
588
598
134
131
754
308
574
459
792
877
579
723
258
694
342
140
410
447
508
316
990
126
220
833
902
169
145
975
419
175
988
196
215
584
150
420
651
861
939
282
283
306
268
482
751
110
103
108
293
392
670
45
66
776
36
997
515
562
592
178
529
759
196
90
490
812
679
243
605
913
490
96
738
840
836
35
971
577
959
350
392
86
245
518
167
972
848
3
155
747
707
535
214
149
917
436
498
77
70
982
460
127
562
23
435
75
545
177
299
526
462
396
952
134
258
936
174
794
920
820
85
176
889
269
351
656
881
496
831
598
797
292
8
690
885
330
876
929
723
646
106
479
8
393
124
75
814
666
9
364
589
104
87
712
143
880
888
229
954
522
679
16
902
184
692
396
256
16
840
317
907
985
80
696
1000
623
35
96
211
61
412
726
268
26
911
688
684
413
23
805
665
747
322
43
441
263
225
671
85
451
733
64
161
336
730
742
428
682
790
41
120
366
750
63
42
803
732
408
656
218
949
492
965
521
155
347
670
961
278
826
658
747
919
726
666
454
496
873
106
795
725
89
527
108
651
605
830
792
110
89
522
250
742
464
868
557
716
99
526
990
262
673
371
381
276
343
313
203
709
634
771
884
84
519
918
417
681
26
881
103
145
297
417
408
152
398
375
978
477
484
150
534
588
570
304
290
532
288
38
157
260
593
386
864
475
727
889
743
736
486
85
772
363
63
575
628
305
246
304
313
478
768
74
873
621
885
68
654
472
308
225
927
770
6
80
918
430
522
668
602
915
382
347
432
197
659
834
185
760
93
401
888
765
67
41
911
831
648
105
285
378
381
970
452
35
317
634
25
153
149
975
95
965
932
184
870
385
0
354
844
913
57
782
816
66
664
556
39
510
933
155
158
209
730
299
474
355
360
229
713
709
432
284
563
54
865
223
319
591
464
919
206
964
468
333
178
872
58
565
403
113
397
50
481
381
252
939
189
826
796
98
315
605
1
247
414
30
78
855
830
157
298
674
46
886
740
877
595
537
659
396
717
990
951
219
182
716
620
784
735
924
761
800
222
664
37
40
613
521
297
63
501
617
440
821
361
10
713
638
866
185
640
772
754
715
242
529
886
325
208
784
163
383
190
589
492
399
964
981
418
923
48
517
48
693
828
795
787
537
333
863
185
316
423
396
530
883
873
843
321
312
878
557
508
101
979
361
607
935
164
23
838
69
333
21
524
451
311
259
768
853
20
497
772
294
695
498
871
417
354
175
626
336
401
280
97
489
43
649
474
610
484
646
628
362
262
2
932
368
464
556
983
468
739
870
687
580
268
47
893
737
103
537
174
763
546
567
311
641
198
129
887
602
312
138
541
104
868
302
343
410
557
615
141
599
243
776
646
163
582
191
918
779
161
969
787
330
883
89
627
620
318
684
728
113
657
305
513
566
673
130
93
423
969
248
184
720
195
97
375
435
607
774
507
681
620
881
507
532
911
930
5
780
23
66
379
406
896
705
798
898
465
232
737
467
623
432
545
678
923
510
204
650
980
577
102
878
490
822
156
299
585
812
78
733
551
597
928
137
625
863
397
775
16
51
93
0
224
193
950
386
776
367
905
433
319
355
252
330
678
948
158
685
825
697
310
575
546
690
731
532
720
872
150
826
952
794
344
102
280
856
118
166
812
596
227
167
780
479
777
47
799
995
48
994
214
579
466
382
38
439
629
768
742
527
339
433
737
146
728
478
275
91
587
451
492
889
429
815
775
171
399
19
556
589
234
351
132
194
484
871
509
840
368
797
394
515
536
988
36
74
35
350
204
506
410
891
858
712
923
794
241
479
900
52
600
679
608
42
799
424
959
670
835
654
433
33
835
788
205
738
152
966
361
662
183
623
154
223
489
684
216
879
121
30
520
946
499
370
49
601
420
697
704
576
178
217
558
35
332
962
794
876
548
299
896
223
936
913
375
19
505
509
139
856
858
354
200
685
31
431
13
399
720
809
406
664
325
661
446
504
725
622
849
503
331
450
672
607
766
405
521
784
305
40
303
242
185
196
518
250
55
672
705
913
337
642
662
67
426
830
899
912
920
998
617
900
689
23
292
61
178
11
621
725
892
818
899
715
91
162
51
773
72
602
781
377
614
979
646
849
889
970
38
377
845
151
365
752
251
9
142
637
197
482
178
77
151
35
659
236
702
508
586
704
424
629
590
187
293
981
142
773
30
550
895
447
756
380
909
21
582
188
452
121
914
153
334
140
430
133
90
893
646
409
15
880
241
204
471
253
846
42
664
439
670
536
247
662
894
523
430
29
788
800
317
691
281
10
108
596
48
560
11
989
733
71
457
394
90
11
862
103
270
99
574
429
635
855
336
516
508
933
932
707
198
943
125
564
211
196
174
862
555
160
50
723
794
669
131
352
771
697
190
478
734
455
848
926
824
394
8
497
702
381
349
330
737
413
217
407
331
46
869
205
637
450
556
688
149
630
567
989
383
143
255
129
380
608
37
690
306
154
158
898
571
275
473
455
493
30
356
91
179
262
227
523
94
253
573
894
958
455
973
844
260
839
818
902
429
205
271
691
179
773
90
279
513
335
880
71
510
69
281
277
650
546
886
398
405
960
710
33
772
490
33
798
903
257
318
660
713
904
621
459
630
765
595
203
876
987
444
602
567
738
173
929
835
564
701
264
453
748
428
239
349
50
866
970
771
620
854
91
344
979
333
102
460
1000
154
460
712
681
717
3
973
7
424
365
59
424
916
633
891
443
214
74
492
620
664
385
699
415
465
617
194
929
663
413
415
565
139
253
846
727
166
137
577
535
252
482
872
402
618
785
130
27
166
106
554
529
674
71
11
214
392
824
724
280
365
604
774
279
876
293
70
754
298
758
306
362
479
615
256
903
405
273
79
884
616
951
512
243
226
731
105
498
852
18
693
672
919
970
826
572
990
468
11
776
208
198
487
882
489
958
377
636
875
174
225
279
899
388
838
578
764
43
884
849
867
183
156
969
510
625
768
578
28
752
22
901
98
464
672
838
2
300
710
366
292
737
565
315
746
672
617
121
548
265
551
909
919
973
162
704
706
993
713
121
812
347
986
130
998
975
459
981
858
797
352
417
786
745
34
526
852
416
169
625
586
591
237
673
274
716
370
952
150
456
414
599
368
428
414
617
374
979
169
549
426
494
761
333
362
33
833
95
753
460
189
480
60
206
408
139
271
589
860
831
646
406
691
316
941
862
26
287
179
301
941
596
889
247
517
539
662
930
440
409
711
535
868
565
174
746
699
267
526
103
583
635
231
139
144
789
659
239
415
25
84
429
487
964
167
537
125
211
627
808
702
325
373
712
900
855
575
644
269
897
830
256
569
369
839
28
309
794
972
341
393
194
497
358
217
433
802
144
316
929
180
986
685
138
279
435
952
694
761
717
399
496
685
315
429
713
817
786
140
990
174
906
18
31
62
879
891
584
560
361
510
991
483
178
59
523
420
980
557
518
739
132
884
52
840
975
346
61
946
168
638
385
644
950
810
124
285
873
588
640
519
522
141
571
318
987
226
192
306
400
16
348
495
702
91
442
821
533
214
44
331
299
8
419
361
337
749
763
384
410
550
699
610
668
790
62
775
344
266
192
535
541
709
618
871
611
250
5
14
542
728
616
71
224
876
687
346
114
560
109
20
564
46
394
425
161
737
420
720
979
402
176
140
562
143
828
688
879
884
970
496
844
628
93
284
742
221
377
453
320
214
217
899
189
824
106
14
678
315
571
574
35
97
262
861
386
58
226
775
357
364
411
762
817
531
268
965
385
45
109
620
143
523
870
791
133
38
417
725
68
335
895
721
303
676
631
730
687
775
926
752
662
729
445
973
661
532
487
310
430
743
779
1
641
344
75
358
756
168
397
718
174
558
732
355
240
48
607
786
243
379
949
268
262
87
749
584
405
293
264
333
433
305
656
843
804
599
238
245
357
565
89
719
543
197
550
965
973
747
228
555
350
596
7
499
556
547
227
236
942
770
906
706
246
792
125
961
168
924
176
349
476
450
937
684
132
549
495
242
511
490
270
203
699
761
430
391
535
326
367
28
989
141
389
783
558
854
631
160
975
229
329
878
694
324
77
487
55
672
291
386
631
22
607
308
560
417
360
869
197
297
82
812
298
761
957
296
513
313
117
708
794
333
317
406
290
835
775
544
751
628
141
761
55
842
897
415
816
898
916
840
426
855
845
919
759
477
943
260
428
953
7
191
366
841
506
296
649
183
277
730
213
449
228
273
710
295
191
318
804
752
115
163
629
777
951
163
319
979
315
184
1000
326
107
915
144
506
804
469
25
800
492
17
849
387
765
400
626
672
246
43
286
727
246
404
508
511
323
728
846
846
383
529
189
164
354
906
377
576
909
759
241
671
161
910
73
287
506
930
817
21
112
668
852
510
541
492
776
553
463
636
300
577
849
931
671
327
695
707
13
498
625
760
524
576
646
154
353
858
407
543
555
420
221
476
209
689
553
694
100
771
188
639
974
741
472
944
892
676
697
148
921
79
648
739
691
303
942
946
734
771
637
876
657
196
296
906
536
195
505
5
773
988
300
518
87
261
525
171
970
391
234
969
677
243
959
46
463
737
995
291
879
291
472
694
107
577
695
660
495
933
203
314
524
518
546
187
723
862
310
304
25
558
960
53
405
850
910
125
997
9
901
70
747
811
252
749
94
96
173
501
123
810
692
499
672
976
846
373
616
945
343
467
776
568
402
808
876
595
910
773
277
895
346
797
745
2
989
195
688
608
190
327
889
217
245
879
608
943
650
449
452
754
562
564
58
159
234
719
793
469
805
735
746
469
202
540
64
796
463
6
505
241
294
775
1000
914
475
533
318
362
440
447
59
100
978
734
785
14
956
213
445
796
456
663
410
352
572
174
209
561
679
182
77
840
451
136
324
59
472
654
607
712
667
869
305
310
168
209
397
315
73
784
15
788
833
942
805
960
356
383
972
50
3
384
658
68
715
718
977
910
342
113
212
516
307
219
512
733
651
100
514
523
539
181
503
981
977
814
443
937
412
187
622
933
954
885
127
126
86
457
479
431
401
707
629
782
509
362
599
792
814
839
968
22
789
719
329
775
209
829
495
940
227
606
737
405
810
385
771
857
366
625
838
105
704
62
3
622
910
290
149
18
839
770
749
586
664
580
564
808
404
179
361
400
652
652
4
480
464
417
766
539
384
658
489
69
548
271
547
946
64
266
883
457
450
184
221
885
705
877
409
928
829
35
658
947
400
979
511
166
954
44
156
6
895
157
154
349
996
845
828
318
274
397
414
596
409
131
479
727
868
345
956
935
776
714
212
390
781
219
866
335
686
557
737
238
316
845
100
198
613
358
438
508
554
712
411
810
596
953
982
829
36
625
653
644
962
534
544
666
908
559
56
634
953
497
705
21
461
696
966
196
469
212
143
920
37
256
249
136
991
960
797
158
222
74
913
820
907
770
388
568
100
958
914
311
646
957
964
821
429
561
165
204
654
609
61
483
950
280
915
884
588
565
227
733
214
569
981
67
359
814
341
116
928
168
628
37
295
274
972
917
314
97
548
256
714
759
340
529
884
100
451
277
883
829
854
776
444
7
430
841
529
965
614
494
611
348
568
989
416
397
110
328
609
890
151
980
487
670
308
956
611
941
864
53
1
914
223
155
228
543
441
460
637
129
235
538
666
134
799
957
938
153
826
797
14
86
50
631
657
984
400
487
659
969
840
227
340
178
862
988
284
742
506
302
800
181
924
247
911
399
466
215
568
990
727
251
787
355
473
948
343
791
683
36
684
220
257
114
674
590
613
0
932
526
292
596
121
197
572
319
36
468
616
783
945
114
842
812
606
392
47
263
183
788
18
948
305
220
992
752
574
439
781
323
894
357
960
760
712
801
901
769
973
757
426
729
790
688
698
764
167
156
760
298
432
473
605
643
490
695
918
796
387
374
297
87
696
981
912
133
628
52
291
36
892
911
130
33
174
434
226
12
56
693
890
947
790
487
643
104
